created_at,id_str,conversation_id_str,full_text,lang,favorited,retweeted,retweet_count,favorite_count,reply_count,quote_count,quoted_status_id_str,quoted_status_short_url,quoted_status_expand_url,user_id_str,user_name,user_full_name,user_verified,in_reply_to_status_id_str,in_reply_to_user_id_str,hashtags,mentions,urls,media
2021-08-29T22:48:10+00:00,1432112869382950915,1432112869382950915,"Londres #28A gran diferencia con 

Argentina....... No ?🤔

Que les sucede a los #Argentinos??? 

Sólo saldrán en breve cdo se arrebaten sus dineros????? 🤔

https://t.co/owj77Kgr8e",es,False,False,5,11,1,0,,,,1252251256481087494,UninPorARGENTI1,Unión Por LA REPÚBLICA!!! PATRIOTA EN REBELDÍA!!!,False,,,"#28A , #Argentinos",,https://t.co/owj77Kgr8e,[]
2021-08-29T21:02:02+00:00,1432086160759828482,1432031381530595329,"@DerInformant_ @monolocoj La Batalla del #28A contra las hordas de los Nuevos Tiranos del Siglo XXI ha sido ganada por las #CELULASLIBRES

La Guerra continúa,hay que adoptar forma de ""Guerrillas"" para el Ajusticiamiento de todos los responsables de las Fuerzas Genocidas

#FASEV 🛑 https://t.co/ZePUCGgTV5",es,False,False,2,1,0,0,,,,1278094518924062721,desakordes,Desakordes,False,1.4320313815305953e+18,1.2123814632927396e+18,"#28A , #CELULASLIBRES , #FASEV","DerInformant_ , monolocoj",,"[{""url"": ""https://pbs.twimg.com/ext_tw_video_thumb/1431962378976079878/pu/img/vNLAIw2FYlswZ6Kt.jpg"", ""type"": ""photo""}]"
2021-08-29T20:34:54+00:00,1432079331694718976,1432078458289545224,"@Retiter1 La Batalla del #28A contra las hordas de los Nuevos Tiranos del Siglo XXI ha sido ganada por las #CELULASLIBRES

La Guerra continúa,hay que adoptar forma de ""Guerrillas"" para el Ajusticiamiento de todos los responsables de las Fuerzas Genocidas

#FASEV 🛑 https://t.co/ZePUCGgTV5",es,False,False,2,2,0,0,,,,1278094518924062721,desakordes,Desakordes,False,1.4320784582895452e+18,1.419731363817722e+18,"#28A , #CELULASLIBRES , #FASEV",Retiter1,,"[{""url"": ""https://pbs.twimg.com/ext_tw_video_thumb/1431962378976079878/pu/img/vNLAIw2FYlswZ6Kt.jpg"", ""type"": ""photo""}]"
2021-08-29T19:49:48+00:00,1432067984655323145,1432062631502823425,"@Antonirogergc La Batalla del #28A contra las hordas de los Nuevos Tiranos del Siglo XXI ha sido ganada por las #CELULASLIBRES

La Guerra continúa,hay que adoptar forma de ""Guerrillas"" para el Ajusticiamiento de todos los responsables de las Fuerzas Genocidas

#FASEV 🛑 https://t.co/ZePUCGgTV5",es,False,False,1,1,0,0,,,,1278094518924062721,desakordes,Desakordes,False,1.4320675914435215e+18,1.2414960286726676e+18,"#28A , #CELULASLIBRES , #FASEV",Antonirogergc,,"[{""url"": ""https://pbs.twimg.com/ext_tw_video_thumb/1431962378976079878/pu/img/vNLAIw2FYlswZ6Kt.jpg"", ""type"": ""photo""}]"
2021-08-29T19:31:02+00:00,1432063261218942979,1432063261218942979,"No te das una idea lo que te extrañaba, la previa, el show, todo absolutamente todo, no importa las horas de viaje, de espera, solo importa disfrutar de tu ARTE, tu energía y tu magia!¡ tremendo show no dejes de sorprenderme nunca. GRACIAS
#MoviestarArena #Axel #28A
@AxelOficial https://t.co/m7swz8jWLb",es,False,False,2,6,0,0,,,,579396354,DS_NAN,Nancy Di Sera,False,,,"#MoviestarArena , #Axel , #28A",AxelOficial,,"[{""url"": ""https://pbs.twimg.com/media/E9-18hKXEAk1FFH.jpg"", ""type"": ""photo""}]"
2021-08-29T16:49:23+00:00,1432022579372597249,1431766269477462017,"@LlcMoneda La Batalla del #28A contra las hordas de los Nuevos Tiranos del Siglo XXI ha sido ganada por las #CELULASLIBRES

La Guerra continúa,hay que adoptar forma de ""Guerrillas"" para el Ajusticiamiento de todos los responsables de las Fuerzas Genocidas

#FASEV 🛑 https://t.co/ZePUCGgTV5",es,False,False,8,11,1,0,,,,1278094518924062721,desakordes,Desakordes,False,1.431766269477462e+18,1.213113257721913e+18,"#28A , #CELULASLIBRES , #FASEV",LlcMoneda,,"[{""url"": ""https://pbs.twimg.com/ext_tw_video_thumb/1431962378976079878/pu/img/vNLAIw2FYlswZ6Kt.jpg"", ""type"": ""photo""}]"
2021-08-29T14:51:42+00:00,1431992966395179013,1431992966395179013,"Ayer #28A salimos a recorrer varios sectores de #LosGuayos con nuestro candidato a la alcaldía por la legítima AD @williamAD29 para llevar a nuestra gente el mensaje de esperanza, Organización y lucha por el rescate del municipio y del país. #ADelanteLosGuayos #SiHayFuturo https://t.co/rEtePlULwd",es,False,False,15,22,0,0,,,,197263517,Robertob_ad,Roberto Briceño Andersen,False,,,"#28A , #LosGuayos , #ADelanteLosGuayos , #SiHayFuturo",williamAD29,,"[{""url"": ""https://pbs.twimg.com/media/E9916l-XEAASHlM.jpg"", ""type"": ""photo""}, {""url"": ""https://pbs.twimg.com/media/E991702WUAIZuIr.jpg"", ""type"": ""photo""}, {""url"": ""https://pbs.twimg.com/media/E9919BnWYAUjwFr.jpg"", ""type"": ""photo""}, {""url"": ""https://pbs.twimg.com/media/E992A0nXsAIBZHu.jpg"", ""type"": ""photo""}]"
2021-08-29T14:06:48+00:00,1431981664314564614,1431981664314564614,"#28A La Coordinadora de Asuntos Religiosos PSUV Municipio Gran Sábana Dra. Belkis Bravo, acompañada por la Coordinadora de Asuntos Religiosos del Municipio Sifontes Dra. Greyci Pinto coordinando actividades  en Función de Organizar  Carpetas para Registro y Protocolización. https://t.co/XtKrCgb4sF",es,False,False,1,1,0,0,,,,1431036675136819201,PsuvReligiosoB,Asuntos Religiosos Bolívar Psuv,False,,,#28A,,,"[{""url"": ""https://pbs.twimg.com/media/E99rvBPXIAELLq-.jpg"", ""type"": ""photo""}]"
2021-08-29T10:41:15+00:00,1431929934935646209,1431929934935646209,"Top story: Club Camurí Grande afectado tras el desborde del río en Naiguatá por las fuertes lluvias este #28Ago (Videos) Club Camurí Grande afectado tras el desborde del río en Naiguatá por las fuertes lluvias este #28A… https://t.co/1bh4u4vziW, see more https://t.co/hl4U6XZi0L",es,False,False,2,0,0,0,,,,88929322,julio2j,🇻🇪 INFOCARABOBO 🌐,False,,,"#28Ago , #28A",,"https://t.co/1bh4u4vziW , https://t.co/hl4U6XZi0L",[]
2021-08-29T04:49:44+00:00,1431841472425480196,1431841472425480196,"Denuncias muy graves de brutalidad policial en la manifestación de las Américas, un joven apuñalado por el ESMAD y a otro que un disparo de frente en su cabeza, además de muchos heridos.

La policía está desatada porque se sabe impune, y la autoridad civil inerte. 
#28A",es,False,False,3,5,0,0,,,,359480217,MemoriadeFuego_,Latino,False,,,#28A,,,[]
2021-08-29T04:42:40+00:00,1431839694271176707,1431839694271176707,"#28A
De 1978, hace 43 años, dio inicio la “Insurrección de los Muchachos” en Matagalpa  #NicaraguaLinda
Estudiantes de secundaria, combatientes populares, jóvenes junto a la población organizada,vanguardizada por el FSLN.
Contra la dictadura militar somocista.
@Siemprealfrent3 https://t.co/rQzk6qP1Vk",es,False,False,8,16,1,0,,,,1328843579834454016,UveReyna,UVECarlosReyna,False,,,"#28A , #NicaraguaLinda",Siemprealfrent3,,"[{""url"": ""https://pbs.twimg.com/media/E97qnQbWYAE7GVl.jpg"", ""type"": ""photo""}]"
2021-08-29T03:19:55+00:00,1431818871263084545,1431818871263084545,"Aquí les informamos. Aproximadamente desde hace 22 minutos en la localidad de Suba en Bogotá se registra una fuerte represión policial hacia manifestantes que hacían parte de un gran plantón Pacífico, la tensión crece a cada segundo.

Fuente: Vaquita mu mu 
#ParoNacional28Ag #28A https://t.co/IoppFjEQay",es,False,False,17,11,3,1,,,,1402301434541002758,Estudianteslas1,Estudianteslasallistas,False,,,"#ParoNacional28Ag , #28A",,,"[{""url"": ""https://pbs.twimg.com/ext_tw_video_thumb/1431818289190219785/pu/img/ciVlPrZvg4ljJR0o.jpg"", ""type"": ""photo""}]"
2021-08-29T02:42:23+00:00,1431809424008613892,1431809424008613892,"ALDÌA....cuàl es la diferencia ?
Copa ALEX Saab
Copa Pablo Escobar
Copa el Chapo 
#28A 
Todos ladrones sanginarios Delincuentes... ""el gran legado""",es,False,False,0,0,0,0,1.4317802534757868e+18,,,39617852,07mike,VE,False,,,#28A,,,[]
2021-08-29T01:11:11+00:00,1431786476216406018,1431786476216406018,#28A #UnDiaComoHoy 18 años desde que se conoce el Informe CVR. Recordar para reparar y para lograr justicia. #MemoriaHistórica,es,False,False,1,3,0,0,1.431671581424722e+18,,,259959907,Amazona_enlaRed,Mabel Barreto,False,,,"#28A , #UnDiaComoHoy , #MemoriaHistórica",,,[]
2021-08-29T00:42:49+00:00,1431779335606841347,1431779335606841347,"visitando a la más pequeña. te extraño @_acath 😻 

#28A #friends #maracaibo https://t.co/hi1PWJRmpL",es,False,False,0,0,0,0,,,,104844113,josealejandrou,José Alejandro Urdaneta,False,,,"#28A , #friends , #maracaibo",_acath,https://t.co/hi1PWJRmpL,[]
2021-08-28T23:57:56+00:00,1431768042669846528,1431763544618438656,"@EIExpedienteCol @GustavoBolivar Ahora le salen a deber al asesino moral del narco manteco #GustavoBolivar, ni loco se arrodilla #Bruno ante ese bandido corrupto, matón de barrio, promotor del vandalismo y que quedó como lo que es.. un cul* un mala paga y un sinvergüenza, que debería estar preso hace tiempo #28A",es,False,False,3,0,0,0,,,,142845670,grekko4,Justo Galio,False,1.431763544618439e+18,8.580108300797583e+17,"#GustavoBolivar , #Bruno , #28A","EIExpedienteCol , GustavoBolivar",,[]
2021-08-28T23:36:01+00:00,1431762524408532995,1431762524408532995,"Especial #28A 4 meses de inicio del paro. Víctimas del estado

🧵🧵🧵👇🏼👇🏼 https://t.co/NLNSyUGJHM",es,False,False,31,51,2,1,,,,1204193671303892992,PrimeraLineacol,Revista Primera Línea Colombia,False,,,#28A,,,"[{""url"": ""https://pbs.twimg.com/media/E96kaNIXoAY8rPM.jpg"", ""type"": ""photo""}, {""url"": ""https://pbs.twimg.com/media/E96kauGWQAEC40S.jpg"", ""type"": ""photo""}, {""url"": ""https://pbs.twimg.com/media/E96kbXcWEAAGsFZ.jpg"", ""type"": ""photo""}]"
2021-08-28T20:17:30+00:00,1431712568234610689,1431712568234610689,"@DrGiammattei Ojalá así de rápido le respondiera al pueblo de Guatemala, pero como no tiene los 🥚🥚siempre sale huyendo como el cobarde que es.

#RenunciaGiammattei
#RenunciaDesconsuelo
#ParoNacional
#28A",es,False,False,3,1,2,0,1.431373522786345e+18,,,1191200181607374849,kimlm99,Kim,False,,187793278.0,"#RenunciaGiammattei , #RenunciaDesconsuelo , #ParoNacional , #28A",DrGiammattei,,[]
2021-08-28T20:14:56+00:00,1431711920818688000,1431711920818688000,"Top story: Club Camurí Grande afectado tras el desborde del río en Naiguatá por las fuertes lluvias este #28Ago (Videos) Club Camurí Grande afectado tras el desborde del río en Naiguatá por las fuertes lluvias este #28A… https://t.co/FCFLtA6CkG, see more https://t.co/4ks8CN6xQ3",es,False,False,0,0,0,0,,,,107418542,magsegovia,Maria de los Ángeles,False,,,"#28Ago , #28A",,"https://t.co/FCFLtA6CkG , https://t.co/4ks8CN6xQ3",[]
2021-08-28T20:01:03+00:00,1431708425860300812,1431708425860300812,"ALDÌA..

#Merida Monagas Trujillo Vargas Bolivar Yaracuy..
#inundaciones 
 Responsables Maduro y Banda FAN #28A",es,False,False,0,0,0,0,,,,39617852,07mike,VE,False,,,"#Merida , #inundaciones , #28A",,,[]
2021-08-28T19:57:48+00:00,1431707609346752515,1431707609346752515,"#28A Hemos formalizado ante el #CNE nuestro compromiso con mi querido #MunicipioCardenas, con #UnionYEsperanza #RescataremosLaAlcaldia, gracias mi gente gente bella del Municipio por su gran apoyo y respaldo, gracias a mi partido #AcciónDemocrática y los 22 partidos que me apoyan https://t.co/oES9JTpWgK",es,False,False,3,4,0,0,,,,76814792,JuanPalenciaVE,Dip. Juan Carlos Palencia,False,,,"#28A , #CNE , #MunicipioCardenas , #UnionYEsperanza , #RescataremosLaAlcaldia , #AcciónDemocrática",,,"[{""url"": ""https://pbs.twimg.com/media/E95yaSrX0AQxhK_.jpg"", ""type"": ""photo""}]"
2021-08-28T19:05:31+00:00,1431694451307646989,1431694451307646989,"Esto Apenas comienza, artículos 28,33 y 35 Constitucionales.

 #28A #RenunciaConsuelo #RenunciaGiammattei",es,False,False,7,5,0,0,,,,1419402501212811265,circoguatemala,A Guatemala,False,,,"#28A , #RenunciaConsuelo , #RenunciaGiammattei",,,[]
2021-08-28T19:04:29+00:00,1431694193320136704,1431694193320136704,"Si persistimos Giammattei y Consuelo RENUNCIAR e irán a prisión, nos vemos a las 2:00 en la plaza.

 #28A #RenunciaGiammattei #RenunciaConsuelo",es,False,False,13,33,0,0,,,,1419402501212811265,circoguatemala,A Guatemala,False,,,"#28A , #RenunciaGiammattei , #RenunciaConsuelo",,,[]
2021-08-28T17:23:36+00:00,1431668802492698631,1431668802492698631,"ALDÌA...
Hoy estuve por una calle en ciudad en #Colombia 
Observe las labores de la POLICIA de ""Migraciòn""
No conocìa es !!
Bien x Colombia
pero...(?) #28A @elcitizen @IdaniaChirinos @NTN24 
@JulianZamoraCNN @soyfdelrincon 
@colominaM @MackyArenas",es,False,False,0,0,0,0,,,,39617852,07mike,VE,False,,,"#Colombia , #28A","elcitizen , IdaniaChirinos , NTN24 , JulianZamoraCNN , soyfdelrincon , colominaM , MackyArenas",,[]
2021-08-28T17:09:01+00:00,1431665134083219463,1431665134083219463,"ALDÌA.... #Peru 
Aprobado el gabinete de Pedro I 'el novato' Castillo
...y le hallan la sede del Partido que lo postulò (lavado de activos) ""Dinero sin Origen""
#28A",es,False,False,0,0,0,0,,,,39617852,07mike,VE,False,,,"#Peru , #28A",,,[]
2021-08-28T15:46:16+00:00,1431644306608205829,1431630874580299782,"@PatriItalyBlue Hoy salimos, basta de escribir en twitter, hacete oir #28A",es,False,False,0,1,1,0,,,,375991143,emigbusquet,emi gb,False,1.4316308745802998e+18,1.2743524269345055e+18,#28A,PatriItalyBlue,,[]
2021-08-28T15:45:18+00:00,1431644066593267719,1431634847097925633,"@PatriItalyBlue En la sala de @CinemarkHoyts del Abasto sucedió algo tragicómico. La capacidad debe ser para un poco más de 100 personas. A penas había 9 personas en una función. Yo estaba a 50 metros, solo y sin barbijo,  lo mismo me obligaron a ponermelo.

Por esto y mucho más #28A",es,False,False,0,0,0,0,,,,375991143,emigbusquet,emi gb,False,1.4316348470979256e+18,1.2743524269345055e+18,#28A,"PatriItalyBlue , CinemarkHoyts",,[]
2021-08-28T15:45:04+00:00,1431644005813661698,1431644005813661698,"#SinLuzOtraVez #28A Maracay, Aragua.!Que tragedia está @CorpoelecAragua claro todos los desgraciados 🔌tienen planta!!ECDSM",es,False,False,0,0,0,0,,,,398914302,Marlemuzi,Molly,False,,,"#SinLuzOtraVez , #28A",CorpoelecAragua,,[]
2021-08-28T15:40:12+00:00,1431642783337562113,1431640523106836484,"@PatriItalyBlue Hoy salimos. #28A 

Vas seguir con el #QuedateEnCasa ?

Vienen por tus derechos y tu #Libertad

#NoAlPasaporteSanitario",es,False,False,1,5,0,1,,,,375991143,emigbusquet,emi gb,False,1.4316405231068365e+18,1.2743524269345055e+18,"#28A , #QuedateEnCasa , #Libertad , #NoAlPasaporteSanitario",PatriItalyBlue,,[]
2021-08-28T15:34:34+00:00,1431641363867648001,1431641363867648001,"ALDÌA....
Mì comentario 
""FINAL"" de Agosto 2021
Acuerdo Salvaciòn Nacional
@jguaido 
Extinciòn de Pdcia Interina
Obligados y sometidos a convivir con la Corporaciòn de Pillos..!
P.D: a todos los del Gob (i)  el peso de su conciencia 
y sus acciones ! #28A",es,False,False,0,0,0,0,,,,39617852,07mike,VE,False,,,#28A,jguaido,,[]
2021-08-28T14:52:53+00:00,1431630874580299782,1431630874580299782,"#28A 
Van por nuestros hijos 
#NoAlGenocidio

Plaza de Mayo 16 hs 
Todas las plazas del país",es,False,False,9,26,3,0,1.4252833245541417e+18,,,1274352426934505472,PatriItalyBlue,Patricia 💫,False,,,"#28A , #NoAlGenocidio",,,[]
2021-08-28T14:51:28+00:00,1431630516097363976,1431630516097363976,Otro #28A,es,False,False,0,1,0,0,,,,67457532,Cephalosporium,Mara.,False,,,#28A,,,[]
2021-08-28T14:50:43+00:00,1431630327630508033,1431630327630508033,Y llegó el #28A. Lo feliz que estoy lpm!!! 🏠👨‍👩‍👧,es,False,False,0,5,0,0,,,,401964377,Lucio_Biglione,eLeBe C.A.B.J,False,,,#28A,,,[]
2021-08-28T14:27:03+00:00,1431624371341254659,1431624371341254659,"#28A  se recuerda los Derechos de la Ancianidad, proclamados por #EvaPeron incorporados a la constitución de 1949!! ✌️❤️🇳🇮 https://t.co/robHy9RwVH",es,False,False,5,7,0,0,,,,229463549,maehcosor,Maria Azucena EHCOSOR,False,,,"#28A , #EvaPeron",,,"[{""url"": ""https://pbs.twimg.com/media/E94mxkYXIAESl6a.jpg"", ""type"": ""photo""}]"
2021-08-28T14:09:13+00:00,1431619886728589315,1431619886728589315,Por la vida y la #Libetad #28A #28AMarchaDeLasAntorchas #Resistencia,es,False,False,0,0,0,0,1.4315586161050378e+18,,,1207016279988752385,MSanarg,⑉𝓛𝓸𝓫𝓸 𝓢𝓪𝓫𝓲𝓸⑉,False,,,"#Libetad , #28A , #28AMarchaDeLasAntorchas , #Resistencia",,,[]
2021-08-28T14:05:12+00:00,1431618875150503936,1431618875150503936,La mayoría de los políticos sabían del plan de exterminio algunos callaron y desaparecieron los codiciosos vieron la oportunidad de aumentar sus ganancias y se convirtieron en mercenarios y algunos en verdugos Reacciona! #NosEstanMatando #Agenda2030 #28A,es,False,False,0,0,0,0,1.4315534417515151e+18,,,1207016279988752385,MSanarg,⑉𝓛𝓸𝓫𝓸 𝓢𝓪𝓫𝓲𝓸⑉,False,,,"#NosEstanMatando , #Agenda2030 , #28A",,,[]
2021-08-28T13:52:36+00:00,1431615702599979009,1431615702599979009,La psiquis siempre los protegerá d lo que no ha sido elaborado cognitivamente El plan d exterminio apunta a tu mente todo está astutamente preparado para manipular tu conciencia y q te entregues x voluntad propia x eso corren a pincharse Están dominados  ELIGE VIVIR LIBRE Y #28A,es,False,False,0,0,0,0,1.4314302334675397e+18,,,1207016279988752385,MSanarg,⑉𝓛𝓸𝓫𝓸 𝓢𝓪𝓫𝓲𝓸⑉,False,,,#28A,,,[]
2021-08-28T13:28:51+00:00,1431609726517776393,1431609726517776393,Sal del engaño satánico #28A,es,False,False,0,1,0,0,1.4314361841238548e+18,,,1207016279988752385,MSanarg,⑉𝓛𝓸𝓫𝓸 𝓢𝓪𝓫𝓲𝓸⑉,False,,,#28A,,,[]
2021-08-28T13:27:28+00:00,1431609377434349573,1431609377434349573,Sal del corral #28A,es,False,False,0,0,0,0,1.431409549076992e+18,,,1207016279988752385,MSanarg,⑉𝓛𝓸𝓫𝓸 𝓢𝓪𝓫𝓲𝓸⑉,False,,,#28A,,,[]
2021-08-28T11:37:34+00:00,1431581719962992640,1431581719962992640,"#28A 
#28AMateadaPorLaLibertad 
#MarDelPlata 
Hoy nos juntamos a partir de las  15hs en Plaza España. 
Por nuestros Derechos. #DictaduraSanitaria 
Veníte, con mate o café, con o sin barbijo, vacunado o no. 
Todos somos iguales ante la Ley https://t.co/9reoK4O0Ac",es,False,False,0,0,0,1,,,,1421807265850478593,CatyMdq,CatyMDQ,False,,,"#28A , #28AMateadaPorLaLibertad , #MarDelPlata , #DictaduraSanitaria",,,"[{""url"": ""https://pbs.twimg.com/media/E93__MwWYAERPkR.jpg"", ""type"": ""photo""}]"
2021-08-28T11:30:28+00:00,1431579935865442308,1431579935865442308,Estas son las #efemérides más importantes para #hoy #28agosto en #video / #cultura #retro #curioso #TalDiaComoHoy #28A #28Ago: https://t.co/ggQz8rtvTv,es,False,False,0,0,1,0,,,,100648568,eleseljefe,Claudio Ordóñez,False,,,"#efemérides , #hoy , #28agosto , #video , #cultura , #retro , #curioso , #TalDiaComoHoy , #28A , #28Ago",,,"[{""url"": ""https://pbs.twimg.com/ext_tw_video_thumb/1431579267834552324/pu/img/1I5T5eAUPp-z2KBw.jpg"", ""type"": ""photo""}]"
2021-08-28T11:22:46+00:00,1431577997145001984,1431577997145001984,Estas son las #efemérides más importantes para #hoy #28agosto en #video / #cultura #retro #curioso #TalDiaComoHoy #28A #28Ago: https://t.co/1qR3upblqH,es,False,False,1,1,1,0,,,,275866726,ciudadcitrica,Ciudad Cítrica,False,,,"#efemérides , #hoy , #28agosto , #video , #cultura , #retro , #curioso , #TalDiaComoHoy , #28A , #28Ago",,,"[{""url"": ""https://pbs.twimg.com/ext_tw_video_thumb/1431577247140519936/pu/img/Feve1zYDsg1LejF2.jpg"", ""type"": ""photo""}]"
2021-08-28T10:05:08+00:00,1431558459116425218,1431558459116425218,"#FelizSábado #28Ago Sintoniza nuestra programación en la #Radio con música y programas las 24 horas a través de la revista web https://t.co/wRNeYnXvEj 

#CrestaMetalicaRadioEstación #RadioShow #RadioCresta #CrestaRadio #BuenSábado #Sábado #Saturday #Agosto #August #28Agosto #28A",es,False,False,0,0,0,0,,,,69257096,CrestaMetalica,Cresta Metalica Producciones,False,,,"#FelizSábado , #28Ago , #Radio , #CrestaMetalicaRadioEstación , #RadioShow , #RadioCresta , #CrestaRadio , #BuenSábado , #Sábado , #Saturday , #Agosto , #August , #28Agosto , #28A",,https://t.co/wRNeYnXvEj,[]
2021-08-28T10:04:33+00:00,1431558311007117312,1431558311007117312,"#FelizSábado #28Ago Visita, Comparte, Sigue, Descarga con Cresta Metalica Producciones &gt; https://t.co/9a92qTyI79

Móntate #EnLaCrestaDeLaOla

#BuenSábado #Sábado #Saturday #Agosto #August #28Agosto #28A",es,False,False,0,0,0,0,,,,69257096,CrestaMetalica,Cresta Metalica Producciones,False,,,"#FelizSábado , #28Ago , #EnLaCrestaDeLaOla , #BuenSábado , #Sábado , #Saturday , #Agosto , #August , #28Agosto , #28A",,https://t.co/9a92qTyI79,[]
2021-08-28T07:30:58+00:00,1431519664212004870,1431519664212004870,"Viva el patrón popular de Avilés. Feliz San Agustín. Puxa Avilés!!
#28A #SanAgustín #Avilés #AvilésQueGuapinaYes en Avilés https://t.co/mTpVgi81GX",es,False,False,0,1,0,0,,,,26471278,FTG84,Fernando Testón,False,,,"#28A , #SanAgustín , #Avilés , #AvilésQueGuapinaYes",,https://t.co/mTpVgi81GX,[]
2021-08-28T07:22:22+00:00,1431517497614811139,1431517497614811139,"Hoy #28agosto se celebra el Día Mundial del Síndrome de Turner.
Las mujeres con este síndrome carecen, total o parcialmente, de uno de los cromosomas X de la pareja XX. 
Para saber más 👇🏻
https://t.co/4a27q7f3OO
#Turner #Syndrome #genética #science #28A",es,False,False,1,1,0,0,,,,235191156,pasanton,Raquel Pascual Antón,False,,,"#28agosto , #Turner , #Syndrome , #genética , #science , #28A",,https://t.co/4a27q7f3OO,[]
2021-08-28T05:25:08+00:00,1431487996679819266,1431487996679819266,"#Sábado. #28A #AJ28A. Llegó el día de decirte que ""sí"" para siempre, porque toda gran aventura comienza con un ""sí, quiero"".

Permitámonos el lujo de hacer lo que nos apetezca.
Sorprendámonos a nosotros mismos.
Hagamos cosas nuevas.
No nos distraigamos .
Disfrutemos. https://t.co/tSv0maPs7f",es,False,False,0,4,2,0,,,,218218281,deusjavier,Javier Deus,False,,,"#Sábado , #28A , #AJ28A",,,"[{""url"": ""https://pbs.twimg.com/media/E92quiJX0AYQ6WW.jpg"", ""type"": ""photo""}]"
2021-08-28T04:04:02+00:00,1431467586311659520,1431467586311659520,para quienes siguen pensando que nuestros muchachxs no saben donde están parados. #28A,es,False,False,2,2,0,0,1.431337523129856e+18,,,341257663,byLinRomero,Lin Romero,False,,,#28A,,,[]
2021-08-28T03:29:16+00:00,1431458838499241992,1431458838499241992,"Este es otro de muchos funcionarios públicos que tiene que parar en el bote por corrupto, pero vamos en orden, nos vemos mañana en la plaza, carga completa de celular para fotos y videos.

#28A  #RenunciaGiammattei #RenunciaConsueloPorras https://t.co/xocKc3ienP",es,False,False,6,13,0,0,,,,1419402501212811265,circoguatemala,A Guatemala,False,,,"#28A , #RenunciaGiammattei , #RenunciaConsueloPorras",,,"[{""url"": ""https://pbs.twimg.com/media/E92QObAXMAIPPC-.jpg"", ""type"": ""photo""}]"
2021-08-28T03:14:30+00:00,1431455121981026306,1431455121981026306,"La lucha es de todos, mañana #VamosTodosALaPlaza y hagamos que #LaPlazaViva de nuevo, las exigencias tiene que ser la renuncia de todos los corruptos!…

#28A #RenunciaGiammattei #RenunciaConsuelo https://t.co/dUCNXlOIwi",es,False,False,4,9,0,0,,,,1419402501212811265,circoguatemala,A Guatemala,False,,,"#VamosTodosALaPlaza , #LaPlazaViva , #28A , #RenunciaGiammattei , #RenunciaConsuelo",,,"[{""url"": ""https://pbs.twimg.com/ext_tw_video_thumb/1431455040804376576/pu/img/yq5qqVL4vqKHUN6w.jpg"", ""type"": ""photo""}]"
2021-08-28T03:08:41+00:00,1431453654897336329,1431453654897336329,"Creemos que los Infiltrados se SAAS irán en pareja hombre mujer o 2 hombres y 1 mujer, no tienen órdenes de atacar, al contrario, ellos saben que están ante la comisión de varios delitos y si los agarran se van al bote.

 #28A #RenunciaGiammattei  #RenunciaConsuelo",es,False,False,8,27,0,0,,,,1419402501212811265,circoguatemala,A Guatemala,False,,,"#28A , #RenunciaGiammattei , #RenunciaConsuelo",,,[]
2021-08-28T00:05:34+00:00,1431407572339281932,1431407572339281932,"@ abastianes: RT @GretelLedo: LA VOZ DE LA VERDAD AL CONGRESO 
Te esperamos #SABADO 15 hs 

#PatriaDespierta #FederalizarArgentina #SoberaniaPlena #ProVida #28A https://t.co/W9GsuVkvab",es,False,False,2,2,0,0,,,,792288126,vozciudadana3,ADRIAN BASTIANES 🇦🇷,False,,,"#SABADO , #PatriaDespierta , #FederalizarArgentina , #SoberaniaPlena , #ProVida , #28A",GretelLedo,,"[{""url"": ""https://pbs.twimg.com/media/E91gAmVXoAU3gPG.jpg"", ""type"": ""photo""}]"
2021-08-28T00:04:14+00:00,1431407239978438666,1431407239978438666,"LA VOZ DE LA VERDAD AL CONGRESO 
Te esperamos #SABADO 15 hs 

#PatriaDespierta #FederalizarArgentina #SoberaniaPlena #ProVida #28A https://t.co/GpVU1ZpNuB",es,False,False,13,28,0,2,,,,248464358,GretelLedo,Gretel Ledo,False,,,"#SABADO , #PatriaDespierta , #FederalizarArgentina , #SoberaniaPlena , #ProVida , #28A",,,"[{""url"": ""https://pbs.twimg.com/media/E91gAmVXoAU3gPG.jpg"", ""type"": ""photo""}]"
2021-08-27T23:53:41+00:00,1431404583272820738,1431404583272820738,Este Sábado #28A penúltimo encuentro de nuestro programa de Liderazgo con dos interesantes conferencias. También en nuestro canal de YouTube búscalo como @FccpvOficial https://t.co/xn5eZHyOh1,es,False,False,11,14,0,0,,,,1344547034,FccpvOficial,FCCPV (Oficial),False,,,#28A,FccpvOficial,,"[{""url"": ""https://pbs.twimg.com/media/E91e33BWYAIAJAN.jpg"", ""type"": ""photo""}, {""url"": ""https://pbs.twimg.com/media/E91e33BWQAUoYEf.jpg"", ""type"": ""photo""}]"
2021-08-27T22:49:33+00:00,1431388442303377417,1431388442303377417,"Según amparo de CC la fuerza puede utilizarse solamente contra los infiltrados prácticamente, usarla con manifestantes Pacíficos NO ES LEGAL y delitos de abusó de autoridad para PNC y gobernacion más delitos de LESA HUMANIDAD para el presidente. 

#28A #RenunciaConsuelo https://t.co/WCQYApKraP",es,False,False,3,6,0,0,,,,1419402501212811265,circoguatemala,A Guatemala,False,,,"#28A , #RenunciaConsuelo",,,"[{""url"": ""https://pbs.twimg.com/media/E91QM42WEAMVbCg.jpg"", ""type"": ""photo""}]"
2021-08-27T22:47:21+00:00,1431387889422815241,1431387889422815241,"#28A

Por Nuestra   Libertad
Por Nuestros Hijos

#noalavacunacionobligatoria
#noalgreenpass 

Plaza de Mayo y todas las Plazas del pais   15 / 16hs

Lleva tu antorcha o vela
Nos vemos ahí https://t.co/7meYpMFYJ9",es,False,False,16,23,1,3,,,,1274091370060406790,arielucho1970,Ari,False,,,"#28A , #noalavacunacionobligatoria , #noalgreenpass",,,"[{""url"": ""https://pbs.twimg.com/ext_tw_video_thumb/1431387302358568965/pu/img/HW7Ob-uap-vRvLFc.jpg"", ""type"": ""photo""}]"
2021-08-27T22:10:13+00:00,1431378544853127170,1431378544853127170,"#28A Marcha a #PlazaDeMayo por la #Libertad

#NoAlPasaporteSanitario",es,False,False,1,3,0,0,1.43132550150792e+18,,,375991143,emigbusquet,emi gb,False,,,"#28A , #PlazaDeMayo , #Libertad , #NoAlPasaporteSanitario",,,[]
2021-08-27T22:05:59+00:00,1431377477939646466,1431377477939646466,"Este sábado 28 agosto 10am se organiza movilización hacia la casa de Iván Duque🐷 desde el momento a los héroes todos invitados.
Difundan información. 
#ParoNacional 
#28A 
#Resistencia 
#primeralinea https://t.co/442N9tDebM",es,False,False,0,1,0,0,,,,1107103830032990209,Camiloramirez_s,Camilo Ramírez☭,False,,,"#ParoNacional , #28A , #Resistencia , #primeralinea",,,"[{""url"": ""https://pbs.twimg.com/media/E91GOZyX0AEHJCT.jpg"", ""type"": ""photo""}]"
2021-08-27T22:04:14+00:00,1431377040255688706,1431377040255688706,"Este sábado 28 agosto 10am se organiza movilización hacia la casa de Iván Duque🐷 desde el momento a los héroes todos invitados.
Difundan información. 
#ParoNacional 
#28A 
#Resistencia 
#primeralinea",es,False,False,0,1,0,0,,,,1107103830032990209,Camiloramirez_s,Camilo Ramírez☭,False,,,"#ParoNacional , #28A , #Resistencia , #primeralinea",,,[]
2021-08-27T21:51:01+00:00,1431373714646609922,1431373714646609922,El tiempo para sábado: cielos poco nubosos y bajada de temperaturas #Galicia #ElTiempo #Sábado #28deAgosto #Agosto #28A #Verano #Meteogalicia https://t.co/llTma7G8iQ,es,False,False,0,0,0,0,,,,2986065004,galiciapress,Galiciapress,False,,,"#Galicia , #ElTiempo , #Sábado , #28deAgosto , #Agosto , #28A , #Verano , #Meteogalicia",,https://t.co/llTma7G8iQ,[]
2021-08-27T21:44:17+00:00,1431372018746806272,1431372018746806272,"Y...???? QUÉ VAS A HACER? 
VAS A ESPERAR QUE SIGAN SACANDO LEYES O MAÑANA #28A TE MANIFESTÁS 
YENDO A LA PLAZA  POR LA #LIBERDAD ???
#28A #LaMarchaDeLasAntorchas",es,False,False,16,26,0,2,1.4313655672697037e+18,,,990261747557814272,ignaziololo1,NACHINO #WeWillAllBeThere,False,,,"#28A , #LIBERDAD , #28A , #LaMarchaDeLasAntorchas",,,[]
2021-08-27T21:43:31+00:00,1431371826710683651,1431371826710683651,"Y...???? QUÉ VAS A HACER? 
VAS A ESPERAR QUE SIGAN SACANDO LEYES O MAÑANA #28A TE MANIFESTÁS 
YENDO A LA PLAZA  POR LA #LIBERDAD ???
#28A #LaMarchaDeLasAntorchas",es,False,False,5,10,0,0,1.4310388559149548e+18,,,990261747557814272,ignaziololo1,NACHINO #WeWillAllBeThere,False,,,"#28A , #LIBERDAD , #28A , #LaMarchaDeLasAntorchas",,,[]
2021-08-27T21:10:45+00:00,1431363581543698438,1431363581543698438,"Qué raro que los corruptos del @MPguatemala no vayan a investigar a @DrGiammattei y su alfombra millonaria, claro como protegen a los corruptos, en lugar de capturarlos y hacer respetar la ley,por esto y muchas cosas más

#TodosALaPlaza
#RenunciaGiammattei
#RenunciaConsuelo #28A https://t.co/c64OxqTi9A",es,False,False,11,15,0,0,,,,1419402501212811265,circoguatemala,A Guatemala,False,,,"#TodosALaPlaza , #RenunciaGiammattei , #RenunciaConsuelo , #28A","MPguatemala , DrGiammattei",,"[{""url"": ""https://pbs.twimg.com/media/E905lf-WEAAId7O.jpg"", ""type"": ""photo""}]"
2021-08-27T20:52:55+00:00,1431359090865868801,1431359090865868801,"Prepará tu Antorcha o vela!!!🔥🕯

Mañana quienes estamos en esta batalla, acompañamos a los Médicos por la Verdad y después nos quedamos a encender Antorchas o velas.

Gracias por Difundir

#28A
#Libertad
#NoAlPasaporteSanitario
#28ALaMarchaDeLasAntorchas https://t.co/1YSHU6IbFf",es,False,False,177,212,16,11,,,,1275185005925408773,elescorpiano76,Escorpiano♏🕉🇦🇷 Cuenta Respaldo @escorpianodel76,False,,,"#28A , #Libertad , #NoAlPasaporteSanitario , #28ALaMarchaDeLasAntorchas",,,"[{""url"": ""https://pbs.twimg.com/ext_tw_video_thumb/1430536855804579842/pu/img/R7M88cansKWwSIKZ.jpg"", ""type"": ""photo""}]"
2021-08-27T20:37:04+00:00,1431355101592031233,1431355101592031233,"Los infiltrados de SAAS se reconocen entre otros porque no gritan ni lanzan consignas, a parte de tener un físico de militar.

#28A #RenunciaGiammattei #RenunciaConsuelo",es,False,False,9,21,1,0,,,,1419402501212811265,circoguatemala,A Guatemala,False,,,"#28A , #RenunciaGiammattei , #RenunciaConsuelo",,,[]
2021-08-27T20:35:41+00:00,1431354754022715403,1431354754022715403,"Estar al pendiente de la 5 calle que es donde saldrán los infiltrados de SAAS imitando ser civiles.

#28A  #RenunciaConsuelo #RenunciaGiammattei",es,False,False,11,14,0,0,,,,1419402501212811265,circoguatemala,A Guatemala,False,,,"#28A , #RenunciaConsuelo , #RenunciaGiammattei",,,[]
2021-08-27T20:33:15+00:00,1431354142237368329,1431354142237368329,Mañana en la plaza todos grabando video y tomando fotos en #28A  #RenunciaGiammattei  #RenunciaConsuelo,es,False,False,7,11,0,0,,,,1419402501212811265,circoguatemala,A Guatemala,False,,,"#28A , #RenunciaGiammattei , #RenunciaConsuelo",,,[]
2021-08-27T17:58:38+00:00,1431315233478434817,1431315233478434817,#28A Día Mundial del Síndrome de #Turner,es,False,False,2,6,0,0,1.4313107482197524e+18,,,2363189422,elenasanchosuil,Elena Sancho,False,,,"#28A , #Turner",,,[]
2021-08-27T17:50:22+00:00,1431313150025084931,1431313150025084931,El tiempo para sábado: cielos poco nubosos y bajada de temperaturas #Galicia #ElTiempo #Sábado #28deAgosto #Agosto #28A #Verano https://t.co/llTma7G8iQ,es,False,False,0,0,0,0,,,,2986065004,galiciapress,Galiciapress,False,,,"#Galicia , #ElTiempo , #Sábado , #28deAgosto , #Agosto , #28A , #Verano",,https://t.co/llTma7G8iQ,[]
2021-08-27T17:40:49+00:00,1431310748219752456,1431310748219752456,"#28A Día Mundial del Síndrome de #Turner
Sólo afecta a niñas
Interesante art. en @Conversation_E por #DíaMundialTurner de las Dras. Ayuso y Lorda @UAM_Madrid @Hospital_FJD👇
https://t.co/rf30ZYmT5D
Actividades #TodosSomosTurner2021👇q promueve @AlegranAst 
https://t.co/QsrLssicQr https://t.co/gJn752vFOF",es,False,False,48,61,1,3,,,,1389099654,NoInvisibles,RarasNoInvisibles,False,,,"#28A , #Turner , #DíaMundialTurner , #TodosSomosTurner2021","Conversation_E , UAM_Madrid , Hospital_FJD , AlegranAst","https://t.co/rf30ZYmT5D , https://t.co/QsrLssicQr","[{""url"": ""https://pbs.twimg.com/media/E90JiRzWYAUk7TM.jpg"", ""type"": ""photo""}, {""url"": ""https://pbs.twimg.com/media/E90JiRyWYAACGWa.jpg"", ""type"": ""photo""}, {""url"": ""https://pbs.twimg.com/media/E90JiRuXsAkGepB.jpg"", ""type"": ""photo""}]"
2021-08-27T15:55:24+00:00,1431284217632149511,1431284217632149511,"Si Giammattei usa infiltrados debe ser acusado de delitos de Lesa Humanidad igual que la EXPRESIDENTA de bolivia PRESA POR CORRUPCIÓN,, el destino de el debe ser el mismo.

 #28A #RenunciaGiammattei #RenunciaConsueloPorras https://t.co/DHFti93SNc",es,False,False,5,9,0,0,,,,1419402501212811265,circoguatemala,A Guatemala,False,,,"#28A , #RenunciaGiammattei , #RenunciaConsueloPorras",,,"[{""url"": ""https://pbs.twimg.com/media/E9zxaOcWQAAbzxN.jpg"", ""type"": ""photo""}, {""url"": ""https://pbs.twimg.com/media/E9zxaOYXoAMT519.jpg"", ""type"": ""photo""}, {""url"": ""https://pbs.twimg.com/media/E9zxaObXEAUppNy.jpg"", ""type"": ""photo""}]"
2021-08-27T14:48:37+00:00,1431267412008112136,1431267412008112136,"No dejes de ver mañana #28A, a las 8:30 am por Agrosiembra_live a los profesores Ana Colina, Fátima Urdaneta y Larry León 
para conversar sobre ""las competencias del Agrónomo en la actualidad"".
.
Recuerda: Mañana a las 8: 30 am, por Agrosiembra_live (Instagram). No te lo pierdas. https://t.co/Nr3cbN1K7p",es,False,False,9,13,0,0,,,,2293290535,DEA_FagroLUZ,Ext. Agríc. FagroLUZ,False,,,#28A,,,"[{""url"": ""https://pbs.twimg.com/media/E9ziIADXoAUNRXQ.jpg"", ""type"": ""photo""}]"
2021-08-27T14:32:27+00:00,1431263345471074311,1431263345471074311,"Si un agente @PNCdeGuatemala trata al manifestante Pacífico como al que no es  Pacífico, comete delito de abuso de autoridad, las grabaciones serán buena evidencia, no dejemos de grabar todo acontecimiento, el conocimiento es libre!.

#28A #RenunciaConsuelo #RenunciaGiammattei",es,False,False,6,7,0,0,,,,1419402501212811265,circoguatemala,A Guatemala,False,,,"#28A , #RenunciaConsuelo , #RenunciaGiammattei",PNCdeGuatemala,,[]
2021-08-27T14:09:58+00:00,1431257684280553474,1431257684280553474,"Es obligación de @PNCdeGuatemala detener a los infiltrados y no agredir a los manifestantes Pacíficos de #28A (ver publicacion anterior). 

#RenunciaGiammattei #RenunciaConsuelo",es,False,False,4,8,1,0,,,,1419402501212811265,circoguatemala,A Guatemala,False,,,"#28A , #RenunciaGiammattei , #RenunciaConsuelo",PNCdeGuatemala,,[]
2021-08-27T13:05:37+00:00,1431241491503058944,1431241491503058944,Habitantes y comunidad del barrio Villa del Sur reclaman su sede comunal que aún se encuentra ocupada desde el #28A por manifestantes de Puerto Rellena y la ⁦@AlcaldiaDeCali⁩ y la secretaría de Part. Ciud. no dan pronta solución ⁦@JorgeIvanOspina⁩ https://t.co/nWxEBViF8K,es,False,False,12,19,2,3,,,,487692416,RichardRiCampo,Richard Rivera Campo,False,,,#28A,"AlcaldiaDeCali , JorgeIvanOspina",,"[{""url"": ""https://pbs.twimg.com/media/E9zKilsXEAYnOGY.jpg"", ""type"": ""photo""}, {""url"": ""https://pbs.twimg.com/media/E9zKi0gWEAYTqxC.jpg"", ""type"": ""photo""}, {""url"": ""https://pbs.twimg.com/media/E9zKjAaWYAQH0aN.jpg"", ""type"": ""photo""}, {""url"": ""https://pbs.twimg.com/media/E9zKjMVXsAAhOGN.jpg"", ""type"": ""photo""}]"
2021-08-27T12:50:18+00:00,1431237639185764352,1431237639185764352,NO SE PUEDE CREER EN NI 1 - #LosVereCORRER   #28A #MarchaDeLasAntorchas #QueSeVayanTodos #GuerraCIVIL,es,False,False,0,0,0,0,1.4309840816516874e+18,,,1427764717636960256,VEstelares9,victoria cuenta de apoyado Estelares9,False,,,"#LosVereCORRER , #28A , #MarchaDeLasAntorchas , #QueSeVayanTodos , #GuerraCIVIL",,,[]
2021-08-27T09:41:33+00:00,1431190136134504453,1431190136134504453,"📣📆 #28A #Bueu | Concentración para esixir a volta de Pablo Costas, mariñeiro bueués retido en Iemen desde hai 11 meses.

📌 Praza do Concello. 

🕰️ 11h https://t.co/77IMhX1QCe",es,False,False,0,2,0,0,,,,1071375671295967232,ConvocatoriasGz,Convocatorias Galiza 🔊,False,,,"#28A , #Bueu",,,"[{""url"": ""https://pbs.twimg.com/media/E9yb1_TXEAUwVVA.jpg"", ""type"": ""photo""}]"
2021-08-27T01:34:26+00:00,1431067550977249285,1431067550977249285,ALEMANIA se manifiesta en contra de la tiranía global. Imitémoslos argentinos! Con o sin antorchas. #NosEstanMatando #Libertad #28A #28ALaMarchaDeLasAntorchas #NoGreenPass,es,False,False,6,7,0,0,1.4306810861710008e+18,,,1207016279988752385,MSanarg,⑉𝓛𝓸𝓫𝓸 𝓢𝓪𝓫𝓲𝓸⑉,False,,,"#NosEstanMatando , #Libertad , #28A , #28ALaMarchaDeLasAntorchas , #NoGreenPass",,,[]
2021-08-27T01:28:21+00:00,1431066019066482688,1431066019066482688,#28A  #FestivalPúrpuraDelSurOriente Corazón morado💜 Corazón verde 💚Fuego desde las 10:00 am.,es,False,False,1,2,0,0,1.431059156014936e+18,,,258639527,rueda_suelta,Rueda suelta,False,,,"#28A , #FestivalPúrpuraDelSurOriente",,,[]
2021-08-27T01:16:32+00:00,1431063046068314114,1431063046068314114,"El conocimiento es PODER, pueblo de Guatemala #28A  #RenunciaConsueloPorras #RenunciaGiammattei https://t.co/MifsqAmNQK",es,False,False,9,12,0,0,,,,1419402501212811265,circoguatemala,A Guatemala,False,,,"#28A , #RenunciaConsueloPorras , #RenunciaGiammattei",,,"[{""url"": ""https://pbs.twimg.com/media/E9woQZPXMAQ_U3w.jpg"", ""type"": ""photo""}]"
2021-08-29T22:48:10+00:00,1432112869382950915,1432112869382950915,"Londres #28A gran diferencia con 

Argentina....... No ?🤔

Que les sucede a los #Argentinos??? 

Sólo saldrán en breve cdo se arrebaten sus dineros????? 🤔

https://t.co/owj77Kgr8e",es,False,False,5,11,1,0,,,,1252251256481087494,UninPorARGENTI1,Unión Por LA REPÚBLICA!!! PATRIOTA EN REBELDÍA!!!,False,,,"#28A , #Argentinos",,https://t.co/owj77Kgr8e,[]
2021-08-29T21:02:02+00:00,1432086160759828482,1432031381530595329,"@DerInformant_ @monolocoj La Batalla del #28A contra las hordas de los Nuevos Tiranos del Siglo XXI ha sido ganada por las #CELULASLIBRES

La Guerra continúa,hay que adoptar forma de ""Guerrillas"" para el Ajusticiamiento de todos los responsables de las Fuerzas Genocidas

#FASEV 🛑 https://t.co/ZePUCGgTV5",es,False,False,2,1,0,0,,,,1278094518924062721,desakordes,Desakordes,False,1.4320313815305953e+18,1.2123814632927396e+18,"#28A , #CELULASLIBRES , #FASEV","DerInformant_ , monolocoj",,"[{""url"": ""https://pbs.twimg.com/ext_tw_video_thumb/1431962378976079878/pu/img/vNLAIw2FYlswZ6Kt.jpg"", ""type"": ""photo""}]"
2021-08-29T20:34:54+00:00,1432079331694718976,1432078458289545224,"@Retiter1 La Batalla del #28A contra las hordas de los Nuevos Tiranos del Siglo XXI ha sido ganada por las #CELULASLIBRES

La Guerra continúa,hay que adoptar forma de ""Guerrillas"" para el Ajusticiamiento de todos los responsables de las Fuerzas Genocidas

#FASEV 🛑 https://t.co/ZePUCGgTV5",es,False,False,2,2,0,0,,,,1278094518924062721,desakordes,Desakordes,False,1.4320784582895452e+18,1.4197313638177219e+18,"#28A , #CELULASLIBRES , #FASEV",Retiter1,,"[{""url"": ""https://pbs.twimg.com/ext_tw_video_thumb/1431962378976079878/pu/img/vNLAIw2FYlswZ6Kt.jpg"", ""type"": ""photo""}]"
2021-08-29T19:49:48+00:00,1432067984655323145,1432062631502823425,"@Antonirogergc La Batalla del #28A contra las hordas de los Nuevos Tiranos del Siglo XXI ha sido ganada por las #CELULASLIBRES

La Guerra continúa,hay que adoptar forma de ""Guerrillas"" para el Ajusticiamiento de todos los responsables de las Fuerzas Genocidas

#FASEV 🛑 https://t.co/ZePUCGgTV5",es,False,False,1,1,0,0,,,,1278094518924062721,desakordes,Desakordes,False,1.4320675914435215e+18,1.2414960286726676e+18,"#28A , #CELULASLIBRES , #FASEV",Antonirogergc,,"[{""url"": ""https://pbs.twimg.com/ext_tw_video_thumb/1431962378976079878/pu/img/vNLAIw2FYlswZ6Kt.jpg"", ""type"": ""photo""}]"
2021-08-29T19:31:02+00:00,1432063261218942979,1432063261218942979,"No te das una idea lo que te extrañaba, la previa, el show, todo absolutamente todo, no importa las horas de viaje, de espera, solo importa disfrutar de tu ARTE, tu energía y tu magia!¡ tremendo show no dejes de sorprenderme nunca. GRACIAS
#MoviestarArena #Axel #28A
@AxelOficial https://t.co/m7swz8jWLb",es,False,False,2,6,0,0,,,,579396354,DS_NAN,Nancy Di Sera,False,,,"#MoviestarArena , #Axel , #28A",AxelOficial,,"[{""url"": ""https://pbs.twimg.com/media/E9-18hKXEAk1FFH.jpg"", ""type"": ""photo""}]"
2021-08-29T16:49:23+00:00,1432022579372597249,1431766269477462017,"@LlcMoneda La Batalla del #28A contra las hordas de los Nuevos Tiranos del Siglo XXI ha sido ganada por las #CELULASLIBRES

La Guerra continúa,hay que adoptar forma de ""Guerrillas"" para el Ajusticiamiento de todos los responsables de las Fuerzas Genocidas

#FASEV 🛑 https://t.co/ZePUCGgTV5",es,False,False,8,11,1,0,,,,1278094518924062721,desakordes,Desakordes,False,1.431766269477462e+18,1.2131132577219133e+18,"#28A , #CELULASLIBRES , #FASEV",LlcMoneda,,"[{""url"": ""https://pbs.twimg.com/ext_tw_video_thumb/1431962378976079878/pu/img/vNLAIw2FYlswZ6Kt.jpg"", ""type"": ""photo""}]"
2021-08-29T14:51:42+00:00,1431992966395179013,1431992966395179013,"Ayer #28A salimos a recorrer varios sectores de #LosGuayos con nuestro candidato a la alcaldía por la legítima AD @williamAD29 para llevar a nuestra gente el mensaje de esperanza, Organización y lucha por el rescate del municipio y del país. #ADelanteLosGuayos #SiHayFuturo https://t.co/rEtePlULwd",es,False,False,15,22,0,0,,,,197263517,Robertob_ad,Roberto Briceño Andersen,False,,,"#28A , #LosGuayos , #ADelanteLosGuayos , #SiHayFuturo",williamAD29,,"[{""url"": ""https://pbs.twimg.com/media/E9916l-XEAASHlM.jpg"", ""type"": ""photo""}, {""url"": ""https://pbs.twimg.com/media/E991702WUAIZuIr.jpg"", ""type"": ""photo""}, {""url"": ""https://pbs.twimg.com/media/E9919BnWYAUjwFr.jpg"", ""type"": ""photo""}, {""url"": ""https://pbs.twimg.com/media/E992A0nXsAIBZHu.jpg"", ""type"": ""photo""}]"
2021-08-29T14:06:48+00:00,1431981664314564614,1431981664314564614,"#28A La Coordinadora de Asuntos Religiosos PSUV Municipio Gran Sábana Dra. Belkis Bravo, acompañada por la Coordinadora de Asuntos Religiosos del Municipio Sifontes Dra. Greyci Pinto coordinando actividades  en Función de Organizar  Carpetas para Registro y Protocolización. https://t.co/XtKrCgb4sF",es,False,False,1,1,0,0,,,,1431036675136819201,PsuvReligiosoB,Asuntos Religiosos Bolívar Psuv,False,,,#28A,,,"[{""url"": ""https://pbs.twimg.com/media/E99rvBPXIAELLq-.jpg"", ""type"": ""photo""}]"
2021-08-29T10:41:15+00:00,1431929934935646209,1431929934935646209,"Top story: Club Camurí Grande afectado tras el desborde del río en Naiguatá por las fuertes lluvias este #28Ago (Videos) Club Camurí Grande afectado tras el desborde del río en Naiguatá por las fuertes lluvias este #28A… https://t.co/1bh4u4vziW, see more https://t.co/hl4U6XZi0L",es,False,False,2,0,0,0,,,,88929322,julio2j,🇻🇪 INFOCARABOBO 🌐,False,,,"#28Ago , #28A",,"https://t.co/1bh4u4vziW , https://t.co/hl4U6XZi0L",[]
2021-08-29T04:49:44+00:00,1431841472425480196,1431841472425480196,"Denuncias muy graves de brutalidad policial en la manifestación de las Américas, un joven apuñalado por el ESMAD y a otro que un disparo de frente en su cabeza, además de muchos heridos.

La policía está desatada porque se sabe impune, y la autoridad civil inerte. 
#28A",es,False,False,3,5,0,0,,,,359480217,MemoriadeFuego_,Latino,False,,,#28A,,,[]
2021-08-29T04:42:40+00:00,1431839694271176707,1431839694271176707,"#28A
De 1978, hace 43 años, dio inicio la “Insurrección de los Muchachos” en Matagalpa  #NicaraguaLinda
Estudiantes de secundaria, combatientes populares, jóvenes junto a la población organizada,vanguardizada por el FSLN.
Contra la dictadura militar somocista.
@Siemprealfrent3 https://t.co/rQzk6qP1Vk",es,False,False,8,16,1,0,,,,1328843579834454016,UveReyna,UVECarlosReyna,False,,,"#28A , #NicaraguaLinda",Siemprealfrent3,,"[{""url"": ""https://pbs.twimg.com/media/E97qnQbWYAE7GVl.jpg"", ""type"": ""photo""}]"
2021-08-29T03:19:55+00:00,1431818871263084545,1431818871263084545,"Aquí les informamos. Aproximadamente desde hace 22 minutos en la localidad de Suba en Bogotá se registra una fuerte represión policial hacia manifestantes que hacían parte de un gran plantón Pacífico, la tensión crece a cada segundo.

Fuente: Vaquita mu mu 
#ParoNacional28Ag #28A https://t.co/IoppFjEQay",es,False,False,17,11,3,1,,,,1402301434541002758,Estudianteslas1,Estudianteslasallistas,False,,,"#ParoNacional28Ag , #28A",,,"[{""url"": ""https://pbs.twimg.com/ext_tw_video_thumb/1431818289190219785/pu/img/ciVlPrZvg4ljJR0o.jpg"", ""type"": ""photo""}]"
2021-08-29T02:42:23+00:00,1431809424008613892,1431809424008613892,"ALDÌA....cuàl es la diferencia ?
Copa ALEX Saab
Copa Pablo Escobar
Copa el Chapo 
#28A 
Todos ladrones sanginarios Delincuentes... ""el gran legado""",es,False,False,0,0,0,0,1.4317802534757868e+18,,,39617852,07mike,VE,False,,,#28A,,,[]
2021-08-29T01:11:11+00:00,1431786476216406018,1431786476216406018,#28A #UnDiaComoHoy 18 años desde que se conoce el Informe CVR. Recordar para reparar y para lograr justicia. #MemoriaHistórica,es,False,False,1,3,0,0,1.431671581424722e+18,,,259959907,Amazona_enlaRed,Mabel Barreto,False,,,"#28A , #UnDiaComoHoy , #MemoriaHistórica",,,[]
2021-08-29T00:42:49+00:00,1431779335606841347,1431779335606841347,"visitando a la más pequeña. te extraño @_acath 😻 

#28A #friends #maracaibo https://t.co/hi1PWJRmpL",es,False,False,0,0,0,0,,,,104844113,josealejandrou,José Alejandro Urdaneta,False,,,"#28A , #friends , #maracaibo",_acath,https://t.co/hi1PWJRmpL,[]
2021-08-28T23:57:56+00:00,1431768042669846528,1431763544618438656,"@EIExpedienteCol @GustavoBolivar Ahora le salen a deber al asesino moral del narco manteco #GustavoBolivar, ni loco se arrodilla #Bruno ante ese bandido corrupto, matón de barrio, promotor del vandalismo y que quedó como lo que es.. un cul* un mala paga y un sinvergüenza, que debería estar preso hace tiempo #28A",es,False,False,3,0,0,0,,,,142845670,grekko4,Justo Galio,False,1.4317635446184387e+18,8.580108300797583e+17,"#GustavoBolivar , #Bruno , #28A","EIExpedienteCol , GustavoBolivar",,[]
2021-08-28T23:36:01+00:00,1431762524408532995,1431762524408532995,"Especial #28A 4 meses de inicio del paro. Víctimas del estado

🧵🧵🧵👇🏼👇🏼 https://t.co/NLNSyUGJHM",es,False,False,31,51,2,1,,,,1204193671303892992,PrimeraLineacol,Revista Primera Línea Colombia,False,,,#28A,,,"[{""url"": ""https://pbs.twimg.com/media/E96kaNIXoAY8rPM.jpg"", ""type"": ""photo""}, {""url"": ""https://pbs.twimg.com/media/E96kauGWQAEC40S.jpg"", ""type"": ""photo""}, {""url"": ""https://pbs.twimg.com/media/E96kbXcWEAAGsFZ.jpg"", ""type"": ""photo""}]"
2021-08-28T20:17:30+00:00,1431712568234610689,1431712568234610689,"@DrGiammattei Ojalá así de rápido le respondiera al pueblo de Guatemala, pero como no tiene los 🥚🥚siempre sale huyendo como el cobarde que es.

#RenunciaGiammattei
#RenunciaDesconsuelo
#ParoNacional
#28A",es,False,False,3,1,2,0,1.431373522786345e+18,,,1191200181607374849,kimlm99,Kim,False,,187793278.0,"#RenunciaGiammattei , #RenunciaDesconsuelo , #ParoNacional , #28A",DrGiammattei,,[]
2021-08-28T20:14:56+00:00,1431711920818688000,1431711920818688000,"Top story: Club Camurí Grande afectado tras el desborde del río en Naiguatá por las fuertes lluvias este #28Ago (Videos) Club Camurí Grande afectado tras el desborde del río en Naiguatá por las fuertes lluvias este #28A… https://t.co/FCFLtA6CkG, see more https://t.co/4ks8CN6xQ3",es,False,False,0,0,0,0,,,,107418542,magsegovia,Maria de los Ángeles,False,,,"#28Ago , #28A",,"https://t.co/FCFLtA6CkG , https://t.co/4ks8CN6xQ3",[]
2021-08-28T20:01:03+00:00,1431708425860300812,1431708425860300812,"ALDÌA..

#Merida Monagas Trujillo Vargas Bolivar Yaracuy..
#inundaciones 
 Responsables Maduro y Banda FAN #28A",es,False,False,0,0,0,0,,,,39617852,07mike,VE,False,,,"#Merida , #inundaciones , #28A",,,[]
2021-08-28T19:57:48+00:00,1431707609346752515,1431707609346752515,"#28A Hemos formalizado ante el #CNE nuestro compromiso con mi querido #MunicipioCardenas, con #UnionYEsperanza #RescataremosLaAlcaldia, gracias mi gente gente bella del Municipio por su gran apoyo y respaldo, gracias a mi partido #AcciónDemocrática y los 22 partidos que me apoyan https://t.co/oES9JTpWgK",es,False,False,3,4,0,0,,,,76814792,JuanPalenciaVE,Dip. Juan Carlos Palencia,False,,,"#28A , #CNE , #MunicipioCardenas , #UnionYEsperanza , #RescataremosLaAlcaldia , #AcciónDemocrática",,,"[{""url"": ""https://pbs.twimg.com/media/E95yaSrX0AQxhK_.jpg"", ""type"": ""photo""}]"
2021-08-28T19:05:31+00:00,1431694451307646989,1431694451307646989,"Esto Apenas comienza, artículos 28,33 y 35 Constitucionales.

 #28A #RenunciaConsuelo #RenunciaGiammattei",es,False,False,7,5,0,0,,,,1419402501212811265,circoguatemala,A Guatemala,False,,,"#28A , #RenunciaConsuelo , #RenunciaGiammattei",,,[]
2021-08-28T19:04:29+00:00,1431694193320136704,1431694193320136704,"Si persistimos Giammattei y Consuelo RENUNCIAR e irán a prisión, nos vemos a las 2:00 en la plaza.

 #28A #RenunciaGiammattei #RenunciaConsuelo",es,False,False,13,33,0,0,,,,1419402501212811265,circoguatemala,A Guatemala,False,,,"#28A , #RenunciaGiammattei , #RenunciaConsuelo",,,[]
2021-08-28T17:23:36+00:00,1431668802492698631,1431668802492698631,"ALDÌA...
Hoy estuve por una calle en ciudad en #Colombia 
Observe las labores de la POLICIA de ""Migraciòn""
No conocìa es !!
Bien x Colombia
pero...(?) #28A @elcitizen @IdaniaChirinos @NTN24 
@JulianZamoraCNN @soyfdelrincon 
@colominaM @MackyArenas",es,False,False,0,0,0,0,,,,39617852,07mike,VE,False,,,"#Colombia , #28A","elcitizen , IdaniaChirinos , NTN24 , JulianZamoraCNN , soyfdelrincon , colominaM , MackyArenas",,[]
2021-08-28T17:09:01+00:00,1431665134083219463,1431665134083219463,"ALDÌA.... #Peru 
Aprobado el gabinete de Pedro I 'el novato' Castillo
...y le hallan la sede del Partido que lo postulò (lavado de activos) ""Dinero sin Origen""
#28A",es,False,False,0,0,0,0,,,,39617852,07mike,VE,False,,,"#Peru , #28A",,,[]
2021-08-28T15:46:16+00:00,1431644306608205829,1431630874580299782,"@PatriItalyBlue Hoy salimos, basta de escribir en twitter, hacete oir #28A",es,False,False,0,1,1,0,,,,375991143,emigbusquet,emi gb,False,1.4316308745802998e+18,1.2743524269345055e+18,#28A,PatriItalyBlue,,[]
2021-08-28T15:45:18+00:00,1431644066593267719,1431634847097925633,"@PatriItalyBlue En la sala de @CinemarkHoyts del Abasto sucedió algo tragicómico. La capacidad debe ser para un poco más de 100 personas. A penas había 9 personas en una función. Yo estaba a 50 metros, solo y sin barbijo,  lo mismo me obligaron a ponermelo.

Por esto y mucho más #28A",es,False,False,0,0,0,0,,,,375991143,emigbusquet,emi gb,False,1.4316348470979256e+18,1.2743524269345055e+18,#28A,"PatriItalyBlue , CinemarkHoyts",,[]
2021-08-28T15:45:04+00:00,1431644005813661698,1431644005813661698,"#SinLuzOtraVez #28A Maracay, Aragua.!Que tragedia está @CorpoelecAragua claro todos los desgraciados 🔌tienen planta!!ECDSM",es,False,False,0,0,0,0,,,,398914302,Marlemuzi,Molly,False,,,"#SinLuzOtraVez , #28A",CorpoelecAragua,,[]
2021-08-28T15:40:12+00:00,1431642783337562113,1431640523106836484,"@PatriItalyBlue Hoy salimos. #28A 

Vas seguir con el #QuedateEnCasa ?

Vienen por tus derechos y tu #Libertad

#NoAlPasaporteSanitario",es,False,False,1,5,0,1,,,,375991143,emigbusquet,emi gb,False,1.4316405231068365e+18,1.2743524269345055e+18,"#28A , #QuedateEnCasa , #Libertad , #NoAlPasaporteSanitario",PatriItalyBlue,,[]
2021-08-28T15:34:34+00:00,1431641363867648001,1431641363867648001,"ALDÌA....
Mì comentario 
""FINAL"" de Agosto 2021
Acuerdo Salvaciòn Nacional
@jguaido 
Extinciòn de Pdcia Interina
Obligados y sometidos a convivir con la Corporaciòn de Pillos..!
P.D: a todos los del Gob (i)  el peso de su conciencia 
y sus acciones ! #28A",es,False,False,0,0,0,0,,,,39617852,07mike,VE,False,,,#28A,jguaido,,[]
2021-08-28T14:52:53+00:00,1431630874580299782,1431630874580299782,"#28A 
Van por nuestros hijos 
#NoAlGenocidio

Plaza de Mayo 16 hs 
Todas las plazas del país",es,False,False,9,26,3,0,1.4252833245541417e+18,,,1274352426934505472,PatriItalyBlue,Patricia 💫,False,,,"#28A , #NoAlGenocidio",,,[]
2021-08-28T14:51:28+00:00,1431630516097363976,1431630516097363976,Otro #28A,es,False,False,0,1,0,0,,,,67457532,Cephalosporium,Mara.,False,,,#28A,,,[]
2021-08-28T14:50:43+00:00,1431630327630508033,1431630327630508033,Y llegó el #28A. Lo feliz que estoy lpm!!! 🏠👨‍👩‍👧,es,False,False,0,5,0,0,,,,401964377,Lucio_Biglione,eLeBe C.A.B.J,False,,,#28A,,,[]
2021-08-28T14:27:03+00:00,1431624371341254659,1431624371341254659,"#28A  se recuerda los Derechos de la Ancianidad, proclamados por #EvaPeron incorporados a la constitución de 1949!! ✌️❤️🇳🇮 https://t.co/robHy9RwVH",es,False,False,5,7,0,0,,,,229463549,maehcosor,Maria Azucena EHCOSOR,False,,,"#28A , #EvaPeron",,,"[{""url"": ""https://pbs.twimg.com/media/E94mxkYXIAESl6a.jpg"", ""type"": ""photo""}]"
2021-08-28T14:09:13+00:00,1431619886728589315,1431619886728589315,Por la vida y la #Libetad #28A #28AMarchaDeLasAntorchas #Resistencia,es,False,False,0,0,0,0,1.4315586161050378e+18,,,1207016279988752385,MSanarg,⑉𝓛𝓸𝓫𝓸 𝓢𝓪𝓫𝓲𝓸⑉,False,,,"#Libetad , #28A , #28AMarchaDeLasAntorchas , #Resistencia",,,[]
2021-08-28T14:05:12+00:00,1431618875150503936,1431618875150503936,La mayoría de los políticos sabían del plan de exterminio algunos callaron y desaparecieron los codiciosos vieron la oportunidad de aumentar sus ganancias y se convirtieron en mercenarios y algunos en verdugos Reacciona! #NosEstanMatando #Agenda2030 #28A,es,False,False,0,0,0,0,1.4315534417515151e+18,,,1207016279988752385,MSanarg,⑉𝓛𝓸𝓫𝓸 𝓢𝓪𝓫𝓲𝓸⑉,False,,,"#NosEstanMatando , #Agenda2030 , #28A",,,[]
2021-08-28T13:52:36+00:00,1431615702599979009,1431615702599979009,La psiquis siempre los protegerá d lo que no ha sido elaborado cognitivamente El plan d exterminio apunta a tu mente todo está astutamente preparado para manipular tu conciencia y q te entregues x voluntad propia x eso corren a pincharse Están dominados  ELIGE VIVIR LIBRE Y #28A,es,False,False,0,0,0,0,1.4314302334675395e+18,,,1207016279988752385,MSanarg,⑉𝓛𝓸𝓫𝓸 𝓢𝓪𝓫𝓲𝓸⑉,False,,,#28A,,,[]
2021-08-28T13:28:51+00:00,1431609726517776393,1431609726517776393,Sal del engaño satánico #28A,es,False,False,0,1,0,0,1.4314361841238548e+18,,,1207016279988752385,MSanarg,⑉𝓛𝓸𝓫𝓸 𝓢𝓪𝓫𝓲𝓸⑉,False,,,#28A,,,[]
2021-08-28T13:27:28+00:00,1431609377434349573,1431609377434349573,Sal del corral #28A,es,False,False,0,0,0,0,1.431409549076992e+18,,,1207016279988752385,MSanarg,⑉𝓛𝓸𝓫𝓸 𝓢𝓪𝓫𝓲𝓸⑉,False,,,#28A,,,[]
2021-08-28T11:37:34+00:00,1431581719962992640,1431581719962992640,"#28A 
#28AMateadaPorLaLibertad 
#MarDelPlata 
Hoy nos juntamos a partir de las  15hs en Plaza España. 
Por nuestros Derechos. #DictaduraSanitaria 
Veníte, con mate o café, con o sin barbijo, vacunado o no. 
Todos somos iguales ante la Ley https://t.co/9reoK4O0Ac",es,False,False,0,0,0,1,,,,1421807265850478593,CatyMdq,CatyMDQ,False,,,"#28A , #28AMateadaPorLaLibertad , #MarDelPlata , #DictaduraSanitaria",,,"[{""url"": ""https://pbs.twimg.com/media/E93__MwWYAERPkR.jpg"", ""type"": ""photo""}]"
2021-08-28T11:30:28+00:00,1431579935865442308,1431579935865442308,Estas son las #efemérides más importantes para #hoy #28agosto en #video / #cultura #retro #curioso #TalDiaComoHoy #28A #28Ago: https://t.co/ggQz8rtvTv,es,False,False,0,0,1,0,,,,100648568,eleseljefe,Claudio Ordóñez,False,,,"#efemérides , #hoy , #28agosto , #video , #cultura , #retro , #curioso , #TalDiaComoHoy , #28A , #28Ago",,,"[{""url"": ""https://pbs.twimg.com/ext_tw_video_thumb/1431579267834552324/pu/img/1I5T5eAUPp-z2KBw.jpg"", ""type"": ""photo""}]"
2021-08-28T11:22:46+00:00,1431577997145001984,1431577997145001984,Estas son las #efemérides más importantes para #hoy #28agosto en #video / #cultura #retro #curioso #TalDiaComoHoy #28A #28Ago: https://t.co/1qR3upblqH,es,False,False,1,1,1,0,,,,275866726,ciudadcitrica,Ciudad Cítrica,False,,,"#efemérides , #hoy , #28agosto , #video , #cultura , #retro , #curioso , #TalDiaComoHoy , #28A , #28Ago",,,"[{""url"": ""https://pbs.twimg.com/ext_tw_video_thumb/1431577247140519936/pu/img/Feve1zYDsg1LejF2.jpg"", ""type"": ""photo""}]"
2021-08-28T10:05:08+00:00,1431558459116425218,1431558459116425218,"#FelizSábado #28Ago Sintoniza nuestra programación en la #Radio con música y programas las 24 horas a través de la revista web https://t.co/wRNeYnXvEj 

#CrestaMetalicaRadioEstación #RadioShow #RadioCresta #CrestaRadio #BuenSábado #Sábado #Saturday #Agosto #August #28Agosto #28A",es,False,False,0,0,0,0,,,,69257096,CrestaMetalica,Cresta Metalica Producciones,False,,,"#FelizSábado , #28Ago , #Radio , #CrestaMetalicaRadioEstación , #RadioShow , #RadioCresta , #CrestaRadio , #BuenSábado , #Sábado , #Saturday , #Agosto , #August , #28Agosto , #28A",,https://t.co/wRNeYnXvEj,[]
2021-08-28T10:04:33+00:00,1431558311007117312,1431558311007117312,"#FelizSábado #28Ago Visita, Comparte, Sigue, Descarga con Cresta Metalica Producciones &gt; https://t.co/9a92qTyI79

Móntate #EnLaCrestaDeLaOla

#BuenSábado #Sábado #Saturday #Agosto #August #28Agosto #28A",es,False,False,0,0,0,0,,,,69257096,CrestaMetalica,Cresta Metalica Producciones,False,,,"#FelizSábado , #28Ago , #EnLaCrestaDeLaOla , #BuenSábado , #Sábado , #Saturday , #Agosto , #August , #28Agosto , #28A",,https://t.co/9a92qTyI79,[]
2021-08-28T07:30:58+00:00,1431519664212004870,1431519664212004870,"Viva el patrón popular de Avilés. Feliz San Agustín. Puxa Avilés!!
#28A #SanAgustín #Avilés #AvilésQueGuapinaYes en Avilés https://t.co/mTpVgi81GX",es,False,False,0,1,0,0,,,,26471278,FTG84,Fernando Testón,False,,,"#28A , #SanAgustín , #Avilés , #AvilésQueGuapinaYes",,https://t.co/mTpVgi81GX,[]
2021-08-28T07:22:22+00:00,1431517497614811139,1431517497614811139,"Hoy #28agosto se celebra el Día Mundial del Síndrome de Turner.
Las mujeres con este síndrome carecen, total o parcialmente, de uno de los cromosomas X de la pareja XX. 
Para saber más 👇🏻
https://t.co/4a27q7f3OO
#Turner #Syndrome #genética #science #28A",es,False,False,1,1,0,0,,,,235191156,pasanton,Raquel Pascual Antón,False,,,"#28agosto , #Turner , #Syndrome , #genética , #science , #28A",,https://t.co/4a27q7f3OO,[]
2021-08-28T05:25:08+00:00,1431487996679819266,1431487996679819266,"#Sábado. #28A #AJ28A. Llegó el día de decirte que ""sí"" para siempre, porque toda gran aventura comienza con un ""sí, quiero"".

Permitámonos el lujo de hacer lo que nos apetezca.
Sorprendámonos a nosotros mismos.
Hagamos cosas nuevas.
No nos distraigamos .
Disfrutemos. https://t.co/tSv0maPs7f",es,False,False,0,4,2,0,,,,218218281,deusjavier,Javier Deus,False,,,"#Sábado , #28A , #AJ28A",,,"[{""url"": ""https://pbs.twimg.com/media/E92quiJX0AYQ6WW.jpg"", ""type"": ""photo""}]"
2021-08-28T04:04:02+00:00,1431467586311659520,1431467586311659520,para quienes siguen pensando que nuestros muchachxs no saben donde están parados. #28A,es,False,False,2,2,0,0,1.431337523129856e+18,,,341257663,byLinRomero,Lin Romero,False,,,#28A,,,[]
2021-08-28T03:29:16+00:00,1431458838499241992,1431458838499241992,"Este es otro de muchos funcionarios públicos que tiene que parar en el bote por corrupto, pero vamos en orden, nos vemos mañana en la plaza, carga completa de celular para fotos y videos.

#28A  #RenunciaGiammattei #RenunciaConsueloPorras https://t.co/xocKc3ienP",es,False,False,6,13,0,0,,,,1419402501212811265,circoguatemala,A Guatemala,False,,,"#28A , #RenunciaGiammattei , #RenunciaConsueloPorras",,,"[{""url"": ""https://pbs.twimg.com/media/E92QObAXMAIPPC-.jpg"", ""type"": ""photo""}]"
2021-08-28T03:14:30+00:00,1431455121981026306,1431455121981026306,"La lucha es de todos, mañana #VamosTodosALaPlaza y hagamos que #LaPlazaViva de nuevo, las exigencias tiene que ser la renuncia de todos los corruptos!…

#28A #RenunciaGiammattei #RenunciaConsuelo https://t.co/dUCNXlOIwi",es,False,False,4,9,0,0,,,,1419402501212811265,circoguatemala,A Guatemala,False,,,"#VamosTodosALaPlaza , #LaPlazaViva , #28A , #RenunciaGiammattei , #RenunciaConsuelo",,,"[{""url"": ""https://pbs.twimg.com/ext_tw_video_thumb/1431455040804376576/pu/img/yq5qqVL4vqKHUN6w.jpg"", ""type"": ""photo""}]"
2021-08-28T03:08:41+00:00,1431453654897336329,1431453654897336329,"Creemos que los Infiltrados se SAAS irán en pareja hombre mujer o 2 hombres y 1 mujer, no tienen órdenes de atacar, al contrario, ellos saben que están ante la comisión de varios delitos y si los agarran se van al bote.

 #28A #RenunciaGiammattei  #RenunciaConsuelo",es,False,False,8,27,0,0,,,,1419402501212811265,circoguatemala,A Guatemala,False,,,"#28A , #RenunciaGiammattei , #RenunciaConsuelo",,,[]
2021-08-28T00:05:34+00:00,1431407572339281932,1431407572339281932,"@ abastianes: RT @GretelLedo: LA VOZ DE LA VERDAD AL CONGRESO 
Te esperamos #SABADO 15 hs 

#PatriaDespierta #FederalizarArgentina #SoberaniaPlena #ProVida #28A https://t.co/W9GsuVkvab",es,False,False,2,2,0,0,,,,792288126,vozciudadana3,ADRIAN BASTIANES 🇦🇷,False,,,"#SABADO , #PatriaDespierta , #FederalizarArgentina , #SoberaniaPlena , #ProVida , #28A",GretelLedo,,"[{""url"": ""https://pbs.twimg.com/media/E91gAmVXoAU3gPG.jpg"", ""type"": ""photo""}]"
2021-08-28T00:04:14+00:00,1431407239978438666,1431407239978438666,"LA VOZ DE LA VERDAD AL CONGRESO 
Te esperamos #SABADO 15 hs 

#PatriaDespierta #FederalizarArgentina #SoberaniaPlena #ProVida #28A https://t.co/GpVU1ZpNuB",es,False,False,13,28,0,2,,,,248464358,GretelLedo,Gretel Ledo,False,,,"#SABADO , #PatriaDespierta , #FederalizarArgentina , #SoberaniaPlena , #ProVida , #28A",,,"[{""url"": ""https://pbs.twimg.com/media/E91gAmVXoAU3gPG.jpg"", ""type"": ""photo""}]"
2021-08-27T23:53:41+00:00,1431404583272820738,1431404583272820738,Este Sábado #28A penúltimo encuentro de nuestro programa de Liderazgo con dos interesantes conferencias. También en nuestro canal de YouTube búscalo como @FccpvOficial https://t.co/xn5eZHyOh1,es,False,False,11,14,0,0,,,,1344547034,FccpvOficial,FCCPV (Oficial),False,,,#28A,FccpvOficial,,"[{""url"": ""https://pbs.twimg.com/media/E91e33BWYAIAJAN.jpg"", ""type"": ""photo""}, {""url"": ""https://pbs.twimg.com/media/E91e33BWQAUoYEf.jpg"", ""type"": ""photo""}]"
2021-08-27T22:49:33+00:00,1431388442303377417,1431388442303377417,"Según amparo de CC la fuerza puede utilizarse solamente contra los infiltrados prácticamente, usarla con manifestantes Pacíficos NO ES LEGAL y delitos de abusó de autoridad para PNC y gobernacion más delitos de LESA HUMANIDAD para el presidente. 

#28A #RenunciaConsuelo https://t.co/WCQYApKraP",es,False,False,3,6,0,0,,,,1419402501212811265,circoguatemala,A Guatemala,False,,,"#28A , #RenunciaConsuelo",,,"[{""url"": ""https://pbs.twimg.com/media/E91QM42WEAMVbCg.jpg"", ""type"": ""photo""}]"
2021-08-27T22:47:21+00:00,1431387889422815241,1431387889422815241,"#28A

Por Nuestra   Libertad
Por Nuestros Hijos

#noalavacunacionobligatoria
#noalgreenpass 

Plaza de Mayo y todas las Plazas del pais   15 / 16hs

Lleva tu antorcha o vela
Nos vemos ahí https://t.co/7meYpMFYJ9",es,False,False,16,23,1,3,,,,1274091370060406790,arielucho1970,Ari,False,,,"#28A , #noalavacunacionobligatoria , #noalgreenpass",,,"[{""url"": ""https://pbs.twimg.com/ext_tw_video_thumb/1431387302358568965/pu/img/HW7Ob-uap-vRvLFc.jpg"", ""type"": ""photo""}]"
2021-08-27T22:10:13+00:00,1431378544853127170,1431378544853127170,"#28A Marcha a #PlazaDeMayo por la #Libertad

#NoAlPasaporteSanitario",es,False,False,1,3,0,0,1.43132550150792e+18,,,375991143,emigbusquet,emi gb,False,,,"#28A , #PlazaDeMayo , #Libertad , #NoAlPasaporteSanitario",,,[]
2021-08-27T22:05:59+00:00,1431377477939646466,1431377477939646466,"Este sábado 28 agosto 10am se organiza movilización hacia la casa de Iván Duque🐷 desde el momento a los héroes todos invitados.
Difundan información. 
#ParoNacional 
#28A 
#Resistencia 
#primeralinea https://t.co/442N9tDebM",es,False,False,0,1,0,0,,,,1107103830032990209,Camiloramirez_s,Camilo Ramírez☭,False,,,"#ParoNacional , #28A , #Resistencia , #primeralinea",,,"[{""url"": ""https://pbs.twimg.com/media/E91GOZyX0AEHJCT.jpg"", ""type"": ""photo""}]"
2021-08-27T22:04:14+00:00,1431377040255688706,1431377040255688706,"Este sábado 28 agosto 10am se organiza movilización hacia la casa de Iván Duque🐷 desde el momento a los héroes todos invitados.
Difundan información. 
#ParoNacional 
#28A 
#Resistencia 
#primeralinea",es,False,False,0,1,0,0,,,,1107103830032990209,Camiloramirez_s,Camilo Ramírez☭,False,,,"#ParoNacional , #28A , #Resistencia , #primeralinea",,,[]
2021-08-27T21:51:01+00:00,1431373714646609922,1431373714646609922,El tiempo para sábado: cielos poco nubosos y bajada de temperaturas #Galicia #ElTiempo #Sábado #28deAgosto #Agosto #28A #Verano #Meteogalicia https://t.co/llTma7G8iQ,es,False,False,0,0,0,0,,,,2986065004,galiciapress,Galiciapress,False,,,"#Galicia , #ElTiempo , #Sábado , #28deAgosto , #Agosto , #28A , #Verano , #Meteogalicia",,https://t.co/llTma7G8iQ,[]
2021-08-27T21:44:17+00:00,1431372018746806272,1431372018746806272,"Y...???? QUÉ VAS A HACER? 
VAS A ESPERAR QUE SIGAN SACANDO LEYES O MAÑANA #28A TE MANIFESTÁS 
YENDO A LA PLAZA  POR LA #LIBERDAD ???
#28A #LaMarchaDeLasAntorchas",es,False,False,16,26,0,2,1.4313655672697037e+18,,,990261747557814272,ignaziololo1,NACHINO #WeWillAllBeThere,False,,,"#28A , #LIBERDAD , #28A , #LaMarchaDeLasAntorchas",,,[]
2021-08-27T21:43:31+00:00,1431371826710683651,1431371826710683651,"Y...???? QUÉ VAS A HACER? 
VAS A ESPERAR QUE SIGAN SACANDO LEYES O MAÑANA #28A TE MANIFESTÁS 
YENDO A LA PLAZA  POR LA #LIBERDAD ???
#28A #LaMarchaDeLasAntorchas",es,False,False,5,10,0,0,1.4310388559149548e+18,,,990261747557814272,ignaziololo1,NACHINO #WeWillAllBeThere,False,,,"#28A , #LIBERDAD , #28A , #LaMarchaDeLasAntorchas",,,[]
2021-08-27T21:10:45+00:00,1431363581543698438,1431363581543698438,"Qué raro que los corruptos del @MPguatemala no vayan a investigar a @DrGiammattei y su alfombra millonaria, claro como protegen a los corruptos, en lugar de capturarlos y hacer respetar la ley,por esto y muchas cosas más

#TodosALaPlaza
#RenunciaGiammattei
#RenunciaConsuelo #28A https://t.co/c64OxqTi9A",es,False,False,11,15,0,0,,,,1419402501212811265,circoguatemala,A Guatemala,False,,,"#TodosALaPlaza , #RenunciaGiammattei , #RenunciaConsuelo , #28A","MPguatemala , DrGiammattei",,"[{""url"": ""https://pbs.twimg.com/media/E905lf-WEAAId7O.jpg"", ""type"": ""photo""}]"
2021-08-27T20:52:55+00:00,1431359090865868801,1431359090865868801,"Prepará tu Antorcha o vela!!!🔥🕯

Mañana quienes estamos en esta batalla, acompañamos a los Médicos por la Verdad y después nos quedamos a encender Antorchas o velas.

Gracias por Difundir

#28A
#Libertad
#NoAlPasaporteSanitario
#28ALaMarchaDeLasAntorchas https://t.co/1YSHU6IbFf",es,False,False,177,212,16,11,,,,1275185005925408773,elescorpiano76,Escorpiano♏🕉🇦🇷 Cuenta Respaldo @escorpianodel76,False,,,"#28A , #Libertad , #NoAlPasaporteSanitario , #28ALaMarchaDeLasAntorchas",,,"[{""url"": ""https://pbs.twimg.com/ext_tw_video_thumb/1430536855804579842/pu/img/R7M88cansKWwSIKZ.jpg"", ""type"": ""photo""}]"
2021-08-27T20:37:04+00:00,1431355101592031233,1431355101592031233,"Los infiltrados de SAAS se reconocen entre otros porque no gritan ni lanzan consignas, a parte de tener un físico de militar.

#28A #RenunciaGiammattei #RenunciaConsuelo",es,False,False,9,21,1,0,,,,1419402501212811265,circoguatemala,A Guatemala,False,,,"#28A , #RenunciaGiammattei , #RenunciaConsuelo",,,[]
2021-08-27T20:35:41+00:00,1431354754022715403,1431354754022715403,"Estar al pendiente de la 5 calle que es donde saldrán los infiltrados de SAAS imitando ser civiles.

#28A  #RenunciaConsuelo #RenunciaGiammattei",es,False,False,11,14,0,0,,,,1419402501212811265,circoguatemala,A Guatemala,False,,,"#28A , #RenunciaConsuelo , #RenunciaGiammattei",,,[]
2021-08-27T20:33:15+00:00,1431354142237368329,1431354142237368329,Mañana en la plaza todos grabando video y tomando fotos en #28A  #RenunciaGiammattei  #RenunciaConsuelo,es,False,False,7,11,0,0,,,,1419402501212811265,circoguatemala,A Guatemala,False,,,"#28A , #RenunciaGiammattei , #RenunciaConsuelo",,,[]
2021-08-27T17:58:38+00:00,1431315233478434817,1431315233478434817,#28A Día Mundial del Síndrome de #Turner,es,False,False,2,6,0,0,1.4313107482197524e+18,,,2363189422,elenasanchosuil,Elena Sancho,False,,,"#28A , #Turner",,,[]
2021-08-27T17:50:22+00:00,1431313150025084931,1431313150025084931,El tiempo para sábado: cielos poco nubosos y bajada de temperaturas #Galicia #ElTiempo #Sábado #28deAgosto #Agosto #28A #Verano https://t.co/llTma7G8iQ,es,False,False,0,0,0,0,,,,2986065004,galiciapress,Galiciapress,False,,,"#Galicia , #ElTiempo , #Sábado , #28deAgosto , #Agosto , #28A , #Verano",,https://t.co/llTma7G8iQ,[]
2021-08-27T17:40:49+00:00,1431310748219752456,1431310748219752456,"#28A Día Mundial del Síndrome de #Turner
Sólo afecta a niñas
Interesante art. en @Conversation_E por #DíaMundialTurner de las Dras. Ayuso y Lorda @UAM_Madrid @Hospital_FJD👇
https://t.co/rf30ZYmT5D
Actividades #TodosSomosTurner2021👇q promueve @AlegranAst 
https://t.co/QsrLssicQr https://t.co/gJn752vFOF",es,False,False,48,61,1,3,,,,1389099654,NoInvisibles,RarasNoInvisibles,False,,,"#28A , #Turner , #DíaMundialTurner , #TodosSomosTurner2021","Conversation_E , UAM_Madrid , Hospital_FJD , AlegranAst","https://t.co/rf30ZYmT5D , https://t.co/QsrLssicQr","[{""url"": ""https://pbs.twimg.com/media/E90JiRzWYAUk7TM.jpg"", ""type"": ""photo""}, {""url"": ""https://pbs.twimg.com/media/E90JiRyWYAACGWa.jpg"", ""type"": ""photo""}, {""url"": ""https://pbs.twimg.com/media/E90JiRuXsAkGepB.jpg"", ""type"": ""photo""}]"
2021-08-27T15:55:24+00:00,1431284217632149511,1431284217632149511,"Si Giammattei usa infiltrados debe ser acusado de delitos de Lesa Humanidad igual que la EXPRESIDENTA de bolivia PRESA POR CORRUPCIÓN,, el destino de el debe ser el mismo.

 #28A #RenunciaGiammattei #RenunciaConsueloPorras https://t.co/DHFti93SNc",es,False,False,5,9,0,0,,,,1419402501212811265,circoguatemala,A Guatemala,False,,,"#28A , #RenunciaGiammattei , #RenunciaConsueloPorras",,,"[{""url"": ""https://pbs.twimg.com/media/E9zxaOcWQAAbzxN.jpg"", ""type"": ""photo""}, {""url"": ""https://pbs.twimg.com/media/E9zxaOYXoAMT519.jpg"", ""type"": ""photo""}, {""url"": ""https://pbs.twimg.com/media/E9zxaObXEAUppNy.jpg"", ""type"": ""photo""}]"
2021-08-27T14:48:37+00:00,1431267412008112136,1431267412008112136,"No dejes de ver mañana #28A, a las 8:30 am por Agrosiembra_live a los profesores Ana Colina, Fátima Urdaneta y Larry León 
para conversar sobre ""las competencias del Agrónomo en la actualidad"".
.
Recuerda: Mañana a las 8: 30 am, por Agrosiembra_live (Instagram). No te lo pierdas. https://t.co/Nr3cbN1K7p",es,False,False,9,13,0,0,,,,2293290535,DEA_FagroLUZ,Ext. Agríc. FagroLUZ,False,,,#28A,,,"[{""url"": ""https://pbs.twimg.com/media/E9ziIADXoAUNRXQ.jpg"", ""type"": ""photo""}]"
2021-08-27T14:32:27+00:00,1431263345471074311,1431263345471074311,"Si un agente @PNCdeGuatemala trata al manifestante Pacífico como al que no es  Pacífico, comete delito de abuso de autoridad, las grabaciones serán buena evidencia, no dejemos de grabar todo acontecimiento, el conocimiento es libre!.

#28A #RenunciaConsuelo #RenunciaGiammattei",es,False,False,6,7,0,0,,,,1419402501212811265,circoguatemala,A Guatemala,False,,,"#28A , #RenunciaConsuelo , #RenunciaGiammattei",PNCdeGuatemala,,[]
2021-08-27T14:09:58+00:00,1431257684280553474,1431257684280553474,"Es obligación de @PNCdeGuatemala detener a los infiltrados y no agredir a los manifestantes Pacíficos de #28A (ver publicacion anterior). 

#RenunciaGiammattei #RenunciaConsuelo",es,False,False,4,8,1,0,,,,1419402501212811265,circoguatemala,A Guatemala,False,,,"#28A , #RenunciaGiammattei , #RenunciaConsuelo",PNCdeGuatemala,,[]
2021-08-27T13:05:37+00:00,1431241491503058944,1431241491503058944,Habitantes y comunidad del barrio Villa del Sur reclaman su sede comunal que aún se encuentra ocupada desde el #28A por manifestantes de Puerto Rellena y la ⁦@AlcaldiaDeCali⁩ y la secretaría de Part. Ciud. no dan pronta solución ⁦@JorgeIvanOspina⁩ https://t.co/nWxEBViF8K,es,False,False,12,19,2,3,,,,487692416,RichardRiCampo,Richard Rivera Campo,False,,,#28A,"AlcaldiaDeCali , JorgeIvanOspina",,"[{""url"": ""https://pbs.twimg.com/media/E9zKilsXEAYnOGY.jpg"", ""type"": ""photo""}, {""url"": ""https://pbs.twimg.com/media/E9zKi0gWEAYTqxC.jpg"", ""type"": ""photo""}, {""url"": ""https://pbs.twimg.com/media/E9zKjAaWYAQH0aN.jpg"", ""type"": ""photo""}, {""url"": ""https://pbs.twimg.com/media/E9zKjMVXsAAhOGN.jpg"", ""type"": ""photo""}]"
2021-08-27T12:50:18+00:00,1431237639185764352,1431237639185764352,NO SE PUEDE CREER EN NI 1 - #LosVereCORRER   #28A #MarchaDeLasAntorchas #QueSeVayanTodos #GuerraCIVIL,es,False,False,0,0,0,0,1.4309840816516874e+18,,,1427764717636960256,VEstelares9,victoria cuenta de apoyado Estelares9,False,,,"#LosVereCORRER , #28A , #MarchaDeLasAntorchas , #QueSeVayanTodos , #GuerraCIVIL",,,[]
2021-08-27T09:41:33+00:00,1431190136134504453,1431190136134504453,"📣📆 #28A #Bueu | Concentración para esixir a volta de Pablo Costas, mariñeiro bueués retido en Iemen desde hai 11 meses.

📌 Praza do Concello. 

🕰️ 11h https://t.co/77IMhX1QCe",es,False,False,0,2,0,0,,,,1071375671295967232,ConvocatoriasGz,Convocatorias Galiza 🔊,False,,,"#28A , #Bueu",,,"[{""url"": ""https://pbs.twimg.com/media/E9yb1_TXEAUwVVA.jpg"", ""type"": ""photo""}]"
2021-08-27T01:34:26+00:00,1431067550977249285,1431067550977249285,ALEMANIA se manifiesta en contra de la tiranía global. Imitémoslos argentinos! Con o sin antorchas. #NosEstanMatando #Libertad #28A #28ALaMarchaDeLasAntorchas #NoGreenPass,es,False,False,6,7,0,0,1.4306810861710008e+18,,,1207016279988752385,MSanarg,⑉𝓛𝓸𝓫𝓸 𝓢𝓪𝓫𝓲𝓸⑉,False,,,"#NosEstanMatando , #Libertad , #28A , #28ALaMarchaDeLasAntorchas , #NoGreenPass",,,[]
2021-08-27T01:28:21+00:00,1431066019066482688,1431066019066482688,#28A  #FestivalPúrpuraDelSurOriente Corazón morado💜 Corazón verde 💚Fuego desde las 10:00 am.,es,False,False,1,2,0,0,1.431059156014936e+18,,,258639527,rueda_suelta,Rueda suelta,False,,,"#28A , #FestivalPúrpuraDelSurOriente",,,[]
2021-08-27T01:16:32+00:00,1431063046068314114,1431063046068314114,"El conocimiento es PODER, pueblo de Guatemala #28A  #RenunciaConsueloPorras #RenunciaGiammattei https://t.co/MifsqAmNQK",es,False,False,9,12,0,0,,,,1419402501212811265,circoguatemala,A Guatemala,False,,,"#28A , #RenunciaConsueloPorras , #RenunciaGiammattei",,,"[{""url"": ""https://pbs.twimg.com/media/E9woQZPXMAQ_U3w.jpg"", ""type"": ""photo""}]"
2021-09-04T03:11:41+00:00,1433991125304479745,1433991125304479745,"La Batalla del #28A contra las Tiranos #CELULASLIBRES

La Guerra continúa, hay que adoptar forma de ""Guerrillas"" para el Ajusticiamiento de todos los responsables de las Fuerzas Genocidas

#FASEV https://t.co/1T8hVMPGL7",es,False,False,1,1,1,0,,,,1324193260588437506,AlmaIndigoLibre,Espíritu Libre!🌞👌,False,,,"#28A , #CELULASLIBRES , #FASEV",,,"[{""url"": ""https://pbs.twimg.com/ext_tw_video_thumb/1433991009914994690/pu/img/tJZBFcAFcSmRhUrP.jpg"", ""type"": ""photo""}]"
2021-09-03T22:43:26+00:00,1433923617805332482,1433923603842551809,Que se preparen las nuevas fuerzas emergidas del levantamiento del #28A para recordar y honrar a nuestros muertos al calor de la lucha. https://t.co/wXrim5EFn5,es,False,False,2,1,0,0,,,,714553398511681541,mlm_red,☭Revolución Obrera,False,1.4339236038425518e+18,7.145533985116815e+17,#28A,,,"[{""url"": ""https://pbs.twimg.com/media/E-ZR7JGUcAMCq1i.jpg"", ""type"": ""photo""}]"
2021-09-03T15:57:19+00:00,1433821417729056770,1433795146949304320,"@AquAhora1 La Batalla del #28A contra las hordas de los Nuevos Tiranos del Siglo XXI ha sido ganada por las #CELULASLIBRES

La Guerra continúa,hay que adoptar forma de ""Guerrillas"" para el Ajusticiamiento de todos los responsables de las Fuerzas Genocidas

#FASEV 🛑 https://t.co/ZePUCGgTV5",es,False,False,3,6,0,1,,,,1278094518924062721,desakordes,Desakordes,False,1.4337951469493043e+18,1.0551255297441014e+18,"#28A , #CELULASLIBRES , #FASEV",AquAhora1,,"[{""url"": ""https://pbs.twimg.com/ext_tw_video_thumb/1431962378976079878/pu/img/vNLAIw2FYlswZ6Kt.jpg"", ""type"": ""photo""}]"
2021-09-03T03:05:37+00:00,1433627212738088960,1433345060318453762,"@ElDiestro_ La Batalla del #28A contra las hordas de los Nuevos Tiranos del Siglo XXI ha sido ganada por las #CELULASLIBRES

La Guerra continúa,hay que adoptar forma de ""Guerrillas"" para el Ajusticiamiento de todos los responsables de las Fuerzas Genocidas

#FASEV 🛑 https://t.co/ZePUCGgTV5",es,False,False,1,2,0,0,,,,1278094518924062721,desakordes,Desakordes,False,1.4333450603184538e+18,4869882473.0,"#28A , #CELULASLIBRES , #FASEV",ElDiestro_,,"[{""url"": ""https://pbs.twimg.com/ext_tw_video_thumb/1431962378976079878/pu/img/vNLAIw2FYlswZ6Kt.jpg"", ""type"": ""photo""}]"
2021-09-03T01:54:56+00:00,1433609422090260486,1425557989709291528,"@TheInvi09664929 La Batalla del #28A contra las hordas de los Nuevos Tiranos del Siglo XXI ha sido ganada por las #CELULASLIBRES

La Guerra continúa,hay que adoptar forma de ""Guerrillas"" para el Ajusticiamiento de todos los responsables de las Fuerzas Genocidas

#FASEV 🛑 https://t.co/ZePUCGgTV5",es,False,False,0,0,0,0,,,,1278094518924062721,desakordes,Desakordes,False,1.4255579897092915e+18,1.2400453162269082e+18,"#28A , #CELULASLIBRES , #FASEV",TheInvi09664929,,"[{""url"": ""https://pbs.twimg.com/ext_tw_video_thumb/1431962378976079878/pu/img/vNLAIw2FYlswZ6Kt.jpg"", ""type"": ""photo""}]"
2021-09-03T01:30:01+00:00,1433603155036721152,1433429912866590733,"@_Elinvestigador La Batalla del #28A contra las hordas de los Nuevos Tiranos del Siglo XXI ha sido ganada por las #CELULASLIBRES

La Guerra continúa,hay que adoptar forma de ""Guerrillas"" para el Ajusticiamiento de todos los responsables de las Fuerzas Genocidas

#FASEV 🛑 https://t.co/ZePUCGgTV5",es,False,False,1,2,0,0,,,,1278094518924062721,desakordes,Desakordes,False,1.4334299232181453e+18,1.323339757007573e+18,"#28A , #CELULASLIBRES , #FASEV",_Elinvestigador,,"[{""url"": ""https://pbs.twimg.com/ext_tw_video_thumb/1431962378976079878/pu/img/vNLAIw2FYlswZ6Kt.jpg"", ""type"": ""photo""}]"
2021-09-02T20:41:24+00:00,1433530521850716163,1433373840546086914,"@RobinDelEspacio La Batalla del #28A contra las hordas de los Nuevos Tiranos del Siglo XXI ha sido ganada por las #CELULASLIBRES

La Guerra continúa,hay que adoptar forma de ""Guerrillas"" para el Ajusticiamiento de todos los responsables de las Fuerzas Genocidas

#FASEV 🛑 https://t.co/ZePUCGgTV5",es,False,False,3,10,0,0,,,,1278094518924062721,desakordes,Desakordes,False,1.433373840546087e+18,8.778948902182461e+17,"#28A , #CELULASLIBRES , #FASEV",RobinDelEspacio,,"[{""url"": ""https://pbs.twimg.com/ext_tw_video_thumb/1431962378976079878/pu/img/vNLAIw2FYlswZ6Kt.jpg"", ""type"": ""photo""}]"
2021-09-02T11:58:26+00:00,1433398912497356810,1433398912497356810,"Estamos en sus manos senador @petrogustavo
No bote la Presidencia
Bastante trabajo que nos ha costado llevarlo al Pódium 
Así le consta a @maryluzherran 
Desde el PARTIDO de la GENTE  al Senado lo apoyamos 
Somos los del #28A https://t.co/lgkGKyX683",es,False,False,3,8,1,0,,,,1157715543362850816,SaidVergel_A,Said Mhamad (Comando JaMa),False,,,#28A,"petrogustavo , maryluzherran",,"[{""url"": ""https://pbs.twimg.com/media/E-R0trjXoAgvFv_.jpg"", ""type"": ""photo""}]"
2021-09-02T10:01:11+00:00,1433369403689771008,1433369403689771008,"“Hoy se abre una brecha en la cual nosotros estamos dispuestos a sentarnos para demostrar que la palabra para el sector campesino-indígena aquí tiene valor todavía."" Los frutos del #28A 😍
https://t.co/9tw5kiotEA
@CRIC_Cauca",es,False,False,0,0,0,0,,,,238303578,williamgarzon86,willi,False,,,#28A,CRIC_Cauca,https://t.co/9tw5kiotEA,[]
2021-09-01T02:12:21+00:00,1432889030954438659,1432734944783077377,"@RadioSavana La Batalla del #28A contra las hordas de los Nuevos Tiranos del Siglo XXI ha sido ganada por las #CELULASLIBRES

La Guerra continúa,hay que adoptar forma de ""Guerrillas"" para el Ajusticiamiento de todos los responsables de las Fuerzas Genocidas

#FASEV 🛑 https://t.co/ZePUCGgTV5",es,False,False,0,0,0,0,,,,1278094518924062721,desakordes,Desakordes,False,1.4327349447830774e+18,1.100776937004458e+18,"#28A , #CELULASLIBRES , #FASEV",RadioSavana,,"[{""url"": ""https://pbs.twimg.com/ext_tw_video_thumb/1431962378976079878/pu/img/vNLAIw2FYlswZ6Kt.jpg"", ""type"": ""photo""}]"
2021-09-01T01:34:46+00:00,1432879575055360006,1432440832012046343,"@AquAhora1 @msalaet62 La Batalla del #28A contra las hordas de los Nuevos Tiranos del Siglo XXI ha sido ganada por las #CELULASLIBRES

La Guerra continúa,hay que adoptar forma de ""Guerrillas"" para el Ajusticiamiento de todos los responsables de las Fuerzas Genocidas

#FASEV 🛑 https://t.co/ZePUCGgTV5",es,False,False,1,1,1,0,,,,1278094518924062721,desakordes,Desakordes,False,1.4324408320120463e+18,1.0551255297441014e+18,"#28A , #CELULASLIBRES , #FASEV","AquAhora1 , msalaet62",,"[{""url"": ""https://pbs.twimg.com/ext_tw_video_thumb/1431962378976079878/pu/img/vNLAIw2FYlswZ6Kt.jpg"", ""type"": ""photo""}]"
2021-08-31T16:02:05+00:00,1432735452642127872,1432735452642127872,"Ahora preguntemos al candidato por Sarmiento Ángulo, por las pensiones, por la burocracia que se reparten los políticos, por el estallido social que vivió Colombia desde el #28A a ver si también sale con el cuento de qué está cansado y no ha dormido bien",es,False,False,1,2,1,0,1.4325472326837903e+18,,,4707061449,qmoncaleano,Alex Quiñones .•.,False,,,#28A,,,[]
2021-08-31T14:05:57+00:00,1432706225398063118,1432706225398063118,"#RecomendadosActivistica 
#PresenciaEIB @EIBUdeA
""Análisis de la situación actual del país: escenarios y perspectivas""
Con el tema de análisis ""Activismo de archivo: preservar las huellas del Paro #28A""
📅Martes 31 de agosto a las 4:00 p.m.
🎥 YouTube
https://t.co/MpD6Kz6Lnu 🛎 https://t.co/UyV3rnm8g1",es,False,False,0,1,0,0,,,,1278778370432565251,activistica,activistica,False,,,"#RecomendadosActivistica , #PresenciaEIB , #28A",EIBUdeA,https://t.co/MpD6Kz6Lnu,"[{""url"": ""https://pbs.twimg.com/media/E-H-uA1WQAY121l.jpg"", ""type"": ""photo""}]"
2021-08-31T12:49:53+00:00,1432687085912272927,1432468316673695747,"@dave73es La Batalla del #28A contra las hordas de los Nuevos Tiranos del Siglo XXI ha sido ganada por las #CELULASLIBRES

La Guerra continúa,hay que adoptar forma de ""Guerrillas"" para el Ajusticiamiento de todos los responsables de las Fuerzas Genocidas

#FASEV 🛑 https://t.co/ZePUCGgTV5",es,False,False,0,2,0,0,,,,1278094518924062721,desakordes,Desakordes,False,1.4324683166736957e+18,7.127519379769958e+17,"#28A , #CELULASLIBRES , #FASEV",dave73es,,"[{""url"": ""https://pbs.twimg.com/ext_tw_video_thumb/1431962378976079878/pu/img/vNLAIw2FYlswZ6Kt.jpg"", ""type"": ""photo""}]"
2021-08-30T18:27:31+00:00,1432409664654823426,1432343015864078339,@Tweet1A Otro?? Cuando se acabó el #28A #ParoNacional #PetroPresidente2022,es,False,False,0,0,0,0,,,,1251310675273682944,Oscar33994669,Oscar,False,1.4323430158640783e+18,1.235028800251007e+18,"#28A , #ParoNacional , #PetroPresidente2022",Tweet1A,,[]
2021-08-30T15:57:49+00:00,1432371990267154440,1432015100412628996,"@infobae La Batalla del #28A contra las hordas de los Nuevos Tiranos del Siglo XXI ha sido ganada por las #CELULASLIBRES

La Guerra continúa,hay que adoptar forma de ""Guerrillas"" para el Ajusticiamiento de todos los responsables de las Fuerzas Genocidas

#FASEV 🛑 https://t.co/ZePUCGgTV5",es,False,False,1,1,0,0,,,,1278094518924062721,desakordes,Desakordes,False,1.432015100412629e+18,69416519.0,"#28A , #CELULASLIBRES , #FASEV",infobae,,"[{""url"": ""https://pbs.twimg.com/ext_tw_video_thumb/1431962378976079878/pu/img/vNLAIw2FYlswZ6Kt.jpg"", ""type"": ""photo""}]"
2021-08-30T15:01:08+00:00,1432357724461969413,1432353719954272265,"@disclosetv La Batalla del #28A contra las hordas de los Nuevos Tiranos del Siglo XXI ha sido ganada por las #CELULASLIBRES

La Guerra continúa,hay que adoptar forma de ""Guerrillas"" para el Ajusticiamiento de todos los responsables de las Fuerzas Genocidas

#FASEV 🛑 https://t.co/ZePUCGgTV5",es,False,False,0,4,1,0,,,,1278094518924062721,desakordes,Desakordes,False,1.4323537199542723e+18,15392486.0,"#28A , #CELULASLIBRES , #FASEV",disclosetv,,"[{""url"": ""https://pbs.twimg.com/ext_tw_video_thumb/1431962378976079878/pu/img/vNLAIw2FYlswZ6Kt.jpg"", ""type"": ""photo""}]"
2021-08-30T12:03:32+00:00,1432313031338385413,1432313031338385413,"Invito a la primera línea y a mis colegas profesores y a todo aquel que le duela 🇨🇴 a que volvamos a las calles como si fuera el #28A. Nos la quieren volver hacer. 
No más nombramientos culos adhoc, ni de funcionarios fallidos volviendo a lo grande como Ratasquilla
#ElParoNoPara",es,False,False,0,1,0,0,,,,103035216,dannybalanta,Danny J. Balanta. S.🍥,False,,,"#28A , #ElParoNoPara",,,[]
2021-08-30T03:09:41+00:00,1432178682215403523,1432147425876135937,@Rubensalvi @GFrondizi Si hacen eso se arma la goma. Esta vez es con antorchas #28A,es,False,False,0,1,0,0,,,,1357989451,MelroseAle,Melrose,False,1.4321697626631578e+18,539122112.0,#28A,"Rubensalvi , GFrondizi",,[]
2021-08-30T02:52:16+00:00,1432174299712983047,1432174299712983047,"5° Encuentro del Ciclo de videoconferencias ""Análisis de la situación actual del país: escenarios y perspectivas""📅Martes 31 de agosto a las 4:00 p.m.
👉 Tema de análisis: ""Activismo de archivo: preservar las huellas del Paro #28A #ParoNacional 
📽️En vivo https://t.co/o4vpKpdQk6 https://t.co/6ObGYRfK6H",es,False,False,4,8,1,0,,,,373613660,EIBUdeA,Escuela Interamericana de Bibliotecología UdeA,False,,,"#28A , #ParoNacional",,https://t.co/o4vpKpdQk6,"[{""url"": ""https://pbs.twimg.com/media/E-AT7T0X0A0TA7W.jpg"", ""type"": ""photo""}]"
